#!ascii label  , from subject  vox2ras=TkReg
873
57809  33.656  -51.477  -10.725 0.0000000000
120869  33.446  -51.081  -11.343 0.0000000000
25470  33.789  -50.438  -11.210 0.0000000000
57808  33.793  -51.732  -10.147 0.0000000000
25469  33.500  -52.416  -10.224 0.0000000000
57810  33.962  -50.783  -10.585 0.0000000000
120868  33.354  -52.068  -10.839 0.0000000000
3910  34.073  -51.088  -9.974 0.0000000000
143817  34.299  -50.109  -10.425 0.0000000000
143818  34.181  -49.801  -11.052 0.0000000000
120867  33.270  -53.020  -10.413 0.0000000000
105202  33.084  -52.696  -11.003 0.0000000000
17486  33.128  -51.625  -11.509 0.0000000000
120870  33.583  -50.055  -11.812 0.0000000000
48206  33.168  -50.628  -11.941 0.0000000000
1771  33.256  -49.627  -12.360 0.0000000000
143819  33.977  -49.449  -11.607 0.0000000000
143820  33.733  -49.076  -12.127 0.0000000000
34253  34.561  -49.201  -10.879 0.0000000000
143816  34.619  -49.450  -10.294 0.0000000000
143814  34.340  -50.377  -9.810 0.0000000000
75517  34.397  -48.874  -11.426 0.0000000000
34254  34.188  -48.522  -11.971 0.0000000000
143828  33.910  -48.155  -12.493 0.0000000000
143829  33.432  -48.625  -12.664 0.0000000000
34257  33.605  -47.730  -12.956 0.0000000000
75525  34.141  -47.187  -12.832 0.0000000000
143827  34.403  -47.574  -12.344 0.0000000000
143830  33.078  -48.199  -13.119 0.0000000000
48210  32.897  -49.151  -12.840 0.0000000000
17490  32.524  -48.701  -13.239 0.0000000000
75527  33.281  -47.279  -13.419 0.0000000000
143831  32.666  -47.716  -13.544 0.0000000000
34258  32.879  -46.802  -13.854 0.0000000000
143832  32.244  -47.218  -13.938 0.0000000000
105210  32.053  -48.208  -13.645 0.0000000000
7971  31.600  -47.716  -13.981 0.0000000000
143834  32.442  -46.396  -14.227 0.0000000000
143835  31.760  -46.732  -14.284 0.0000000000
34259  31.973  -45.915  -14.649 0.0000000000
75530  32.625  -45.446  -14.668 0.0000000000
143833  33.064  -45.893  -14.220 0.0000000000
143836  31.286  -46.292  -14.649 0.0000000000
75510  31.131  -47.134  -14.334 0.0000000000
34251  30.604  -46.668  -14.662 0.0000000000
75532  31.495  -45.414  -15.056 0.0000000000
143837  30.795  -45.842  -15.009 0.0000000000
34260  30.956  -44.922  -15.489 0.0000000000
143838  30.282  -45.357  -15.385 0.0000000000
143811  30.128  -46.235  -14.979 0.0000000000
143839  30.448  -44.447  -15.860 0.0000000000
344  29.654  -45.740  -15.383 0.0000000000
137191  29.769  -44.826  -15.803 0.0000000000
31951  29.976  -43.989  -16.215 0.0000000000
75534  31.124  -44.028  -15.989 0.0000000000
143840  30.643  -43.528  -16.413 0.0000000000
34261  31.357  -43.175  -16.446 0.0000000000
143841  30.836  -42.636  -16.864 0.0000000000
70111  30.193  -43.051  -16.764 0.0000000000
17497  33.285  -44.988  -14.615 0.0000000000
105221  33.670  -45.442  -14.145 0.0000000000
75528  33.470  -46.340  -13.738 0.0000000000
34256  34.663  -46.724  -12.620 0.0000000000
143826  34.897  -47.098  -12.101 0.0000000000
75518  34.627  -47.947  -11.787 0.0000000000
143825  35.170  -46.217  -12.485 0.0000000000
143823  35.414  -46.528  -11.965 0.0000000000
7972  35.094  -47.446  -11.549 0.0000000000
75523  34.916  -45.869  -13.001 0.0000000000
143824  35.435  -45.269  -12.934 0.0000000000
34255  35.666  -45.582  -12.409 0.0000000000
17495  35.177  -44.943  -13.450 0.0000000000
105217  35.708  -44.371  -13.420 0.0000000000
75521  35.961  -44.747  -12.835 0.0000000000
143822  35.840  -45.879  -11.876 0.0000000000
105215  35.542  -46.774  -11.464 0.0000000000
75520  36.117  -45.020  -12.256 0.0000000000
143821  36.219  -45.258  -11.698 0.0000000000
17493  35.928  -46.177  -11.281 0.0000000000
25472  36.473  -44.423  -12.170 0.0000000000
120872  36.527  -44.644  -11.579 0.0000000000
48213  36.276  -45.490  -11.128 0.0000000000
75515  34.933  -48.616  -10.608 0.0000000000
143815  34.999  -48.845  -10.084 0.0000000000
34252  34.622  -49.709  -9.675 0.0000000000
17492  35.279  -47.958  -10.432 0.0000000000
105212  35.296  -48.172  -9.870 0.0000000000
75513  34.957  -49.041  -9.491 0.0000000000
143813  34.315  -50.630  -9.227 0.0000000000
94590  34.094  -51.301  -9.403 0.0000000000
75512  34.572  -49.898  -9.139 0.0000000000
143812  34.235  -50.783  -8.692 0.0000000000
11590  34.046  -51.484  -8.852 0.0000000000
29568  34.476  -50.039  -8.601 0.0000000000
130722  34.095  -50.907  -8.186 0.0000000000
42310  33.950  -51.626  -8.307 0.0000000000
143810  30.049  -47.170  -14.652 0.0000000000
44011  29.574  -46.688  -15.011 0.0000000000
75509  30.495  -47.634  -14.330 0.0000000000
143809  29.975  -48.177  -14.357 0.0000000000
13291  29.443  -47.606  -14.705 0.0000000000
34250  30.471  -48.662  -14.046 0.0000000000
143808  29.946  -49.190  -14.133 0.0000000000
97651  29.443  -48.677  -14.458 0.0000000000
143807  30.461  -49.735  -13.795 0.0000000000
143805  29.987  -50.252  -13.856 0.0000000000
5611  29.439  -49.666  -14.194 0.0000000000
75507  30.973  -49.140  -13.770 0.0000000000
143806  30.973  -50.209  -13.452 0.0000000000
34249  30.532  -50.693  -13.557 0.0000000000
17489  31.435  -49.652  -13.428 0.0000000000
105207  31.484  -50.672  -13.113 0.0000000000
75505  31.023  -51.200  -13.174 0.0000000000
137193  29.315  -44.306  -16.213 0.0000000000
137192  29.207  -45.290  -15.729 0.0000000000
130721  33.916  -51.033  -7.655 0.0000000000
343  33.775  -51.751  -7.780 0.0000000000
130723  34.313  -50.165  -8.063 0.0000000000
29567  34.091  -50.264  -7.549 0.0000000000
130720  33.639  -51.114  -7.108 0.0000000000
42304  33.488  -51.899  -7.200 0.0000000000
65002  33.738  -50.354  -6.958 0.0000000000
130719  33.266  -51.151  -6.637 0.0000000000
11584  33.179  -51.971  -6.706 0.0000000000
29566  33.319  -50.434  -6.504 0.0000000000
130718  32.787  -51.229  -6.228 0.0000000000
94578  32.781  -51.975  -6.284 0.0000000000
130717  32.793  -50.502  -6.120 0.0000000000
130715  32.218  -51.293  -5.884 0.0000000000
3904  32.329  -52.010  -5.945 0.0000000000
65000  33.419  -49.711  -6.408 0.0000000000
130716  32.819  -49.799  -6.014 0.0000000000
29565  32.186  -50.573  -5.804 0.0000000000
13987  33.365  -48.997  -6.341 0.0000000000
98903  32.787  -49.070  -6.006 0.0000000000
64998  32.194  -49.860  -5.746 0.0000000000
130714  31.578  -51.383  -5.606 0.0000000000
57789  31.656  -52.099  -5.651 0.0000000000
64997  31.519  -50.666  -5.576 0.0000000000
130713  30.882  -51.424  -5.451 0.0000000000
25458  30.945  -52.165  -5.479 0.0000000000
29564  30.759  -50.762  -5.428 0.0000000000
130712  30.130  -51.518  -5.397 0.0000000000
120840  30.180  -52.272  -5.410 0.0000000000
130711  29.935  -50.871  -5.358 0.0000000000
130703  29.348  -51.672  -5.366 0.0000000000
822  29.435  -52.356  -5.418 0.0000000000
64995  30.715  -50.062  -5.396 0.0000000000
130710  29.927  -50.216  -5.322 0.0000000000
29561  29.200  -51.061  -5.325 0.0000000000
29563  30.548  -49.399  -5.354 0.0000000000
130709  29.744  -49.560  -5.311 0.0000000000
64988  29.120  -50.443  -5.299 0.0000000000
130708  30.436  -48.728  -5.392 0.0000000000
130706  29.620  -48.912  -5.396 0.0000000000
6087  28.965  -49.768  -5.366 0.0000000000
64993  31.183  -48.579  -5.520 0.0000000000
130707  30.950  -47.899  -5.551 0.0000000000
29562  30.122  -48.069  -5.497 0.0000000000
13985  31.744  -47.771  -5.679 0.0000000000
98899  31.511  -47.122  -5.698 0.0000000000
64991  30.704  -47.258  -5.617 0.0000000000
130705  29.322  -48.251  -5.529 0.0000000000
98897  28.835  -49.089  -5.483 0.0000000000
64990  29.885  -47.425  -5.633 0.0000000000
130704  29.086  -47.564  -5.706 0.0000000000
13983  28.535  -48.431  -5.620 0.0000000000
23366  29.650  -46.713  -5.823 0.0000000000
115958  28.787  -46.910  -5.879 0.0000000000
44703  28.278  -47.714  -5.827 0.0000000000
130702  28.581  -51.917  -5.367 0.0000000000
48189  28.722  -52.464  -5.438 0.0000000000
64987  28.513  -51.295  -5.352 0.0000000000
130701  27.867  -52.203  -5.430 0.0000000000
17469  27.970  -52.770  -5.470 0.0000000000
29560  27.766  -51.542  -5.447 0.0000000000
130700  27.119  -52.431  -5.581 0.0000000000
105171  27.242  -53.064  -5.555 0.0000000000
130699  26.960  -51.809  -5.651 0.0000000000
130697  26.364  -52.663  -5.833 0.0000000000
6086  26.515  -53.312  -5.757 0.0000000000
64985  27.609  -50.898  -5.561 0.0000000000
130698  26.804  -51.075  -5.806 0.0000000000
29559  26.149  -51.996  -5.941 0.0000000000
13982  27.461  -50.165  -5.708 0.0000000000
98894  26.640  -50.311  -5.963 0.0000000000
64983  25.983  -51.249  -6.059 0.0000000000
120871  36.811  -43.992  -11.412 0.0000000000
824  36.535  -44.836  -11.003 0.0000000000
120873  36.803  -43.751  -12.034 0.0000000000
25471  37.019  -43.056  -11.908 0.0000000000
130740  36.724  -44.187  -10.821 0.0000000000
130741  36.948  -43.284  -11.290 0.0000000000
120866  33.416  -53.355  -9.779 0.0000000000
120864  33.157  -53.975  -9.944 0.0000000000
3909  32.985  -53.585  -10.585 0.0000000000
57807  33.599  -52.677  -9.657 0.0000000000
120865  33.460  -53.610  -9.155 0.0000000000
25468  33.234  -54.259  -9.324 0.0000000000
11589  33.649  -52.890  -9.104 0.0000000000
94587  33.450  -53.819  -8.558 0.0000000000
57805  33.287  -54.493  -8.718 0.0000000000
120863  33.029  -54.910  -9.452 0.0000000000
75496  32.893  -54.607  -10.089 0.0000000000
57804  33.100  -55.177  -8.806 0.0000000000
120862  32.870  -55.813  -8.939 0.0000000000
25467  32.762  -55.521  -9.607 0.0000000000
25466  32.886  -56.044  -8.323 0.0000000000
120860  32.666  -56.742  -8.394 0.0000000000
120861  32.596  -56.465  -9.060 0.0000000000
143794  32.480  -56.166  -9.696 0.0000000000
1769  32.410  -57.332  -8.535 0.0000000000
48205  32.340  -57.041  -9.162 0.0000000000
120859  32.628  -56.982  -7.686 0.0000000000
48199  32.423  -57.616  -7.813 0.0000000000
57802  32.801  -56.292  -7.624 0.0000000000
120858  32.500  -57.157  -7.068 0.0000000000
17479  32.282  -57.858  -7.114 0.0000000000
25465  32.590  -56.480  -6.943 0.0000000000
120857  32.151  -57.374  -6.374 0.0000000000
105189  32.023  -58.011  -6.478 0.0000000000
120856  32.234  -56.630  -6.314 0.0000000000
120854  31.712  -57.478  -5.829 0.0000000000
3907  31.629  -58.192  -5.860 0.0000000000
57800  32.721  -55.690  -6.935 0.0000000000
120855  32.353  -55.802  -6.334 0.0000000000
25464  31.848  -56.643  -5.870 0.0000000000
11587  32.792  -54.907  -6.879 0.0000000000
94583  32.426  -55.027  -6.328 0.0000000000
57798  31.892  -55.870  -5.852 0.0000000000
120853  31.226  -57.497  -5.416 0.0000000000
75474  31.175  -58.271  -5.388 0.0000000000
57797  31.327  -56.681  -5.499 0.0000000000
120852  30.657  -57.517  -5.130 0.0000000000
25463  30.632  -58.305  -5.042 0.0000000000
25462  30.734  -56.717  -5.202 0.0000000000
120850  30.069  -57.482  -4.958 0.0000000000
120851  29.973  -58.283  -4.875 0.0000000000
143766  29.887  -59.006  -4.774 0.0000000000
1768  29.280  -58.271  -4.810 0.0000000000
48198  29.238  -58.986  -4.704 0.0000000000
120849  30.123  -56.736  -5.034 0.0000000000
48192  29.380  -57.510  -4.884 0.0000000000
57795  30.813  -55.944  -5.313 0.0000000000
120848  30.205  -55.970  -5.174 0.0000000000
17472  29.490  -56.734  -5.032 0.0000000000
25461  30.889  -55.204  -5.370 0.0000000000
120847  30.210  -55.258  -5.239 0.0000000000
105176  29.508  -56.040  -5.123 0.0000000000
120846  30.932  -54.460  -5.425 0.0000000000
120844  30.239  -54.550  -5.331 0.0000000000
3905  29.540  -55.330  -5.212 0.0000000000
57793  31.543  -54.408  -5.620 0.0000000000
120845  31.603  -53.638  -5.664 0.0000000000
25460  30.945  -53.719  -5.434 0.0000000000
11585  32.128  -53.594  -5.968 0.0000000000
94579  32.247  -52.831  -5.939 0.0000000000
57791  31.642  -52.906  -5.640 0.0000000000
120843  30.249  -53.789  -5.322 0.0000000000
75452  29.544  -54.616  -5.322 0.0000000000
57790  30.994  -52.961  -5.455 0.0000000000
120842  30.325  -52.984  -5.380 0.0000000000
25459  29.579  -53.864  -5.350 0.0000000000
120841  29.515  -53.090  -5.397 0.0000000000
143739  28.821  -53.928  -5.429 0.0000000000
48191  28.751  -53.186  -5.452 0.0000000000
115957  28.478  -46.236  -6.114 0.0000000000
821  27.938  -47.071  -6.006 0.0000000000
115959  29.336  -46.068  -6.051 0.0000000000
23365  28.961  -45.401  -6.354 0.0000000000
148752  27.766  -46.365  -6.235 0.0000000000
148753  28.247  -45.524  -6.420 0.0000000000
105220  34.298  -45.052  -14.048 0.0000000000
7973  34.037  -45.895  -13.633 0.0000000000
105222  33.933  -44.600  -14.604 0.0000000000
17496  34.513  -44.166  -14.563 0.0000000000
105219  34.872  -44.535  -14.036 0.0000000000
75522  34.620  -45.484  -13.509 0.0000000000
48215  35.109  -43.619  -14.559 0.0000000000
105218  35.424  -43.996  -14.000 0.0000000000
17494  35.686  -43.122  -14.478 0.0000000000
105216  35.973  -43.486  -13.885 0.0000000000
3912  36.195  -43.803  -13.336 0.0000000000
120878  36.451  -42.937  -13.775 0.0000000000
120879  36.219  -42.588  -14.356 0.0000000000
105214  35.616  -47.034  -10.896 0.0000000000
75514  35.241  -47.720  -11.011 0.0000000000
48212  35.967  -46.370  -10.704 0.0000000000
105213  35.656  -47.261  -10.280 0.0000000000
17491  35.947  -46.526  -10.144 0.0000000000
105211  35.609  -47.438  -9.737 0.0000000000
6090  35.258  -48.343  -9.327 0.0000000000
130728  35.506  -47.596  -9.201 0.0000000000
130729  35.860  -46.704  -9.590 0.0000000000
105209  31.997  -49.264  -13.300 0.0000000000
75506  31.498  -48.673  -13.689 0.0000000000
48209  32.416  -49.680  -12.949 0.0000000000
105208  31.948  -50.244  -13.029 0.0000000000
17488  32.402  -50.671  -12.590 0.0000000000
105206  31.980  -51.264  -12.644 0.0000000000
7970  31.499  -51.703  -12.749 0.0000000000
105205  32.419  -51.781  -12.156 0.0000000000
75499  31.958  -52.178  -12.290 0.0000000000
48207  32.809  -51.185  -12.074 0.0000000000
105204  32.820  -52.247  -11.618 0.0000000000
17487  32.399  -52.731  -11.766 0.0000000000
105203  32.736  -53.196  -11.183 0.0000000000
143797  32.354  -53.735  -11.353 0.0000000000
75498  32.700  -54.221  -10.812 0.0000000000
105191  31.826  -58.743  -6.482 0.0000000000
105190  31.498  -58.878  -5.896 0.0000000000
105178  28.752  -56.813  -5.101 0.0000000000
105177  28.822  -56.078  -5.206 0.0000000000
105173  27.292  -53.631  -5.638 0.0000000000
105172  26.571  -53.920  -5.776 0.0000000000
98902  32.664  -48.384  -5.961 0.0000000000
6088  32.079  -49.174  -5.710 0.0000000000
98904  33.342  -48.280  -6.323 0.0000000000
13986  33.183  -47.602  -6.247 0.0000000000
98901  32.440  -47.700  -5.902 0.0000000000
64992  31.934  -48.486  -5.694 0.0000000000
44705  33.036  -46.867  -6.264 0.0000000000
98900  32.317  -46.988  -5.939 0.0000000000
13984  32.833  -46.227  -6.296 0.0000000000
98898  32.091  -46.330  -6.029 0.0000000000
2742  31.317  -46.443  -5.858 0.0000000000
115964  31.808  -45.669  -6.138 0.0000000000
115965  32.593  -45.592  -6.402 0.0000000000
98896  28.052  -49.248  -5.646 0.0000000000
64984  28.216  -49.990  -5.506 0.0000000000
44702  27.762  -48.578  -5.797 0.0000000000
98895  27.224  -49.437  -5.832 0.0000000000
13981  26.893  -48.748  -5.981 0.0000000000
98893  26.364  -49.651  -6.028 0.0000000000
6085  25.765  -50.525  -6.165 0.0000000000
148740  25.675  -49.809  -6.194 0.0000000000
148741  26.215  -48.949  -6.067 0.0000000000
97653  28.954  -48.145  -14.779 0.0000000000
97652  28.979  -49.185  -14.524 0.0000000000
94589  33.882  -52.188  -8.999 0.0000000000
57806  33.856  -51.959  -9.570 0.0000000000
42309  33.815  -52.359  -8.457 0.0000000000
94588  33.623  -53.055  -8.535 0.0000000000
11588  33.539  -53.206  -7.986 0.0000000000
94586  33.407  -53.956  -8.048 0.0000000000
3908  33.265  -54.657  -8.177 0.0000000000
94585  33.207  -54.092  -7.386 0.0000000000
57799  33.093  -54.792  -7.519 0.0000000000
42307  33.326  -53.372  -7.363 0.0000000000
94584  32.907  -54.203  -6.855 0.0000000000
11586  33.059  -53.447  -6.852 0.0000000000
94582  32.557  -54.275  -6.388 0.0000000000
3906  31.998  -55.117  -5.898 0.0000000000
94581  32.610  -53.556  -6.348 0.0000000000
57792  32.098  -54.347  -5.960 0.0000000000
42305  33.127  -52.703  -6.773 0.0000000000
94580  32.731  -52.799  -6.282 0.0000000000
75533  31.663  -44.545  -15.537 0.0000000000
75535  31.885  -43.707  -16.007 0.0000000000
7974  32.367  -44.132  -15.575 0.0000000000
75531  32.188  -45.033  -15.099 0.0000000000
75529  32.840  -44.570  -15.113 0.0000000000
105223  33.506  -44.171  -15.134 0.0000000000
105224  33.059  -43.739  -15.615 0.0000000000
75526  33.831  -46.771  -13.286 0.0000000000
75524  34.379  -46.335  -13.102 0.0000000000
75519  36.368  -44.106  -12.781 0.0000000000
120874  36.735  -43.493  -12.648 0.0000000000
120875  36.623  -43.204  -13.256 0.0000000000
75516  34.817  -48.292  -11.190 0.0000000000
75511  34.876  -49.203  -8.930 0.0000000000
130724  34.723  -49.361  -8.412 0.0000000000
130725  35.124  -48.516  -8.781 0.0000000000
75508  30.973  -48.128  -14.032 0.0000000000
75503  31.083  -52.309  -12.780 0.0000000000
75504  30.551  -51.721  -13.222 0.0000000000
75501  31.566  -52.832  -12.353 0.0000000000
75502  31.184  -53.356  -12.410 0.0000000000
34248  30.638  -52.791  -12.845 0.0000000000
143801  30.777  -53.965  -12.427 0.0000000000
34247  31.605  -53.926  -11.891 0.0000000000
143800  31.194  -54.453  -11.977 0.0000000000
75500  31.988  -53.289  -11.886 0.0000000000
143798  31.981  -54.385  -11.412 0.0000000000
75497  32.562  -55.149  -10.262 0.0000000000
34246  32.301  -54.776  -10.900 0.0000000000
143795  32.258  -55.804  -10.323 0.0000000000
75476  31.038  -59.029  -5.356 0.0000000000
75475  30.455  -59.072  -4.973 0.0000000000
75454  28.828  -55.409  -5.299 0.0000000000
75453  28.856  -54.674  -5.395 0.0000000000
65001  33.847  -49.659  -6.846 0.0000000000
65003  34.229  -49.585  -7.401 0.0000000000
6089  34.353  -48.841  -7.249 0.0000000000
64999  33.882  -48.939  -6.749 0.0000000000
98905  33.901  -48.219  -6.700 0.0000000000
98906  34.430  -48.088  -7.171 0.0000000000
64996  31.481  -49.952  -5.531 0.0000000000
64994  31.314  -49.283  -5.467 0.0000000000
64989  30.499  -46.589  -5.807 0.0000000000
115960  30.167  -45.921  -6.047 0.0000000000
115961  30.967  -45.808  -6.067 0.0000000000
64986  28.361  -50.688  -5.366 0.0000000000
57803  33.103  -55.343  -8.239 0.0000000000
57801  32.965  -55.547  -7.563 0.0000000000
57796  31.381  -55.929  -5.540 0.0000000000
57794  31.521  -55.157  -5.604 0.0000000000
48214  35.362  -42.724  -15.063 0.0000000000
48216  34.786  -43.254  -15.088 0.0000000000
1772  35.020  -42.350  -15.638 0.0000000000
120880  35.957  -42.253  -14.913 0.0000000000
120881  35.649  -41.902  -15.480 0.0000000000
48211  36.254  -45.674  -10.565 0.0000000000
130730  36.157  -45.865  -9.997 0.0000000000
130731  36.479  -45.030  -10.411 0.0000000000
48208  32.819  -50.117  -12.522 0.0000000000
48203  32.147  -57.989  -8.567 0.0000000000
48204  32.025  -57.667  -9.227 0.0000000000
17485  32.195  -56.707  -9.818 0.0000000000
105200  31.856  -57.300  -9.860 0.0000000000
17483  31.907  -58.618  -8.719 0.0000000000
105199  31.764  -58.278  -9.366 0.0000000000
48201  32.177  -58.331  -7.825 0.0000000000
48202  31.937  -59.004  -7.893 0.0000000000
105196  31.705  -59.700  -7.986 0.0000000000
17481  31.855  -59.269  -7.143 0.0000000000
105195  31.643  -59.987  -7.227 0.0000000000
48200  32.070  -58.551  -7.159 0.0000000000
105192  31.666  -59.462  -6.505 0.0000000000
48196  28.556  -59.013  -4.729 0.0000000000
48197  28.420  -59.781  -4.613 0.0000000000
17478  29.102  -59.789  -4.595 0.0000000000
48194  28.614  -58.249  -4.866 0.0000000000
48193  28.707  -57.515  -4.983 0.0000000000
48190  28.034  -53.356  -5.533 0.0000000000
17471  28.060  -54.035  -5.536 0.0000000000
105174  27.353  -54.226  -5.669 0.0000000000
44704  33.513  -46.095  -6.627 0.0000000000
44706  33.732  -46.760  -6.661 0.0000000000
823  34.212  -45.962  -7.047 0.0000000000
115966  33.311  -45.422  -6.748 0.0000000000
115967  33.945  -45.302  -7.095 0.0000000000
44701  27.433  -47.904  -5.965 0.0000000000
148742  26.740  -48.064  -6.079 0.0000000000
148743  27.273  -47.201  -6.102 0.0000000000
44013  29.107  -46.190  -15.386 0.0000000000
44012  29.002  -47.162  -15.080 0.0000000000
42308  33.669  -52.474  -7.906 0.0000000000
42306  33.419  -52.615  -7.294 0.0000000000
143842  32.059  -42.780  -16.568 0.0000000000
143843  31.604  -42.326  -16.980 0.0000000000
143799  31.610  -54.952  -11.443 0.0000000000
143796  31.970  -55.385  -10.970 0.0000000000
70112  29.491  -43.449  -16.671 0.0000000000
65004  34.489  -49.530  -7.915 0.0000000000
57812  37.040  -42.812  -12.544 0.0000000000
57811  37.231  -42.113  -12.355 0.0000000000
130742  37.155  -42.349  -11.751 0.0000000000
54302  29.826  -45.280  -6.328 0.0000000000
54301  29.420  -44.654  -6.653 0.0000000000
148754  28.714  -44.749  -6.684 0.0000000000
48217  34.124  -43.725  -15.137 0.0000000000
105201  31.922  -56.435  -10.355 0.0000000000
105197  31.679  -59.321  -8.802 0.0000000000
105193  31.485  -60.114  -6.582 0.0000000000
105187  28.330  -60.573  -4.529 0.0000000000
105188  28.999  -60.585  -4.525 0.0000000000
143767  29.778  -59.801  -4.727 0.0000000000
105175  27.391  -54.891  -5.700 0.0000000000
143740  28.080  -54.784  -5.537 0.0000000000
44707  33.822  -47.463  -6.647 0.0000000000
105225  32.578  -43.282  -16.110 0.0000000000
65005  34.674  -48.767  -7.717 0.0000000000
98907  34.794  -48.029  -7.624 0.0000000000
44708  34.342  -46.665  -7.078 0.0000000000
44710  34.657  -45.870  -7.427 0.0000000000
115968  34.464  -45.206  -7.441 0.0000000000
13988  34.398  -47.365  -7.105 0.0000000000
44709  34.777  -46.589  -7.469 0.0000000000
98909  35.176  -46.473  -7.911 0.0000000000
13990  35.095  -45.757  -7.856 0.0000000000
98908  34.827  -47.282  -7.530 0.0000000000
130732  34.999  -45.090  -7.840 0.0000000000
48218  34.415  -42.854  -15.632 0.0000000000
17498  33.714  -43.288  -15.695 0.0000000000
48220  34.705  -42.028  -16.136 0.0000000000
48219  34.002  -42.476  -16.158 0.0000000000
105227  33.564  -42.067  -16.685 0.0000000000
17500  34.273  -41.600  -16.668 0.0000000000
105226  33.292  -42.888  -16.181 0.0000000000
54303  30.250  -44.540  -6.654 0.0000000000
2741  29.784  -43.953  -6.996 0.0000000000
148755  29.119  -44.038  -7.005 0.0000000000
23367  30.627  -45.164  -6.336 0.0000000000
92486  30.627  -43.812  -7.069 0.0000000000
115962  31.054  -44.421  -6.709 0.0000000000
57813  37.236  -41.872  -12.970 0.0000000000
3911  37.404  -41.241  -12.726 0.0000000000
130743  37.323  -41.473  -12.128 0.0000000000
25473  36.967  -42.533  -13.144 0.0000000000
94592  37.409  -41.020  -13.339 0.0000000000
120876  37.175  -41.639  -13.582 0.0000000000
29569  34.927  -48.652  -8.249 0.0000000000
130726  35.094  -47.951  -8.093 0.0000000000
34236  30.370  -59.791  -4.981 0.0000000000
143769  30.841  -59.762  -5.303 0.0000000000
10422  31.449  -43.676  -7.153 0.0000000000
92485  30.194  -43.205  -7.480 0.0000000000
92487  31.014  -43.080  -7.564 0.0000000000
10421  30.499  -42.494  -7.945 0.0000000000
41142  31.302  -42.387  -8.040 0.0000000000
92488  31.822  -42.958  -7.685 0.0000000000
10423  32.088  -42.207  -8.175 0.0000000000
92489  32.628  -42.774  -7.867 0.0000000000
54304  32.244  -43.512  -7.325 0.0000000000
92491  32.742  -42.047  -8.343 0.0000000000
2743  33.005  -43.343  -7.564 0.0000000000
92490  33.195  -42.603  -8.070 0.0000000000
115972  33.802  -42.459  -8.297 0.0000000000
10424  33.364  -41.893  -8.543 0.0000000000
54310  33.637  -43.202  -7.816 0.0000000000
41144  32.245  -41.542  -8.664 0.0000000000
92492  32.872  -41.352  -8.803 0.0000000000
10425  32.336  -40.773  -9.236 0.0000000000
92493  32.961  -40.638  -9.299 0.0000000000
54311  33.477  -41.157  -8.979 0.0000000000
2745  33.535  -40.371  -9.509 0.0000000000
161414  32.440  -40.020  -9.842 0.0000000000
161415  33.051  -39.796  -9.976 0.0000000000
11592  37.366  -40.772  -13.936 0.0000000000
94591  37.519  -40.337  -13.167 0.0000000000
94593  37.562  -40.110  -13.763 0.0000000000
11591  37.655  -39.423  -13.573 0.0000000000
42312  37.693  -39.149  -14.154 0.0000000000
94594  37.529  -39.845  -14.316 0.0000000000
11593  37.675  -38.892  -14.716 0.0000000000
94595  37.435  -39.513  -14.936 0.0000000000
57814  37.273  -40.482  -14.548 0.0000000000
13989  35.204  -47.169  -8.007 0.0000000000
98910  35.510  -45.617  -8.325 0.0000000000
65006  35.529  -46.336  -8.388 0.0000000000
6091  35.843  -45.459  -8.843 0.0000000000
130733  35.416  -44.919  -8.300 0.0000000000
130734  35.781  -44.781  -8.741 0.0000000000
17470  26.674  -54.511  -5.833 0.0000000000
75447  26.785  -55.037  -5.817 0.0000000000
17480  31.344  -59.615  -5.901 0.0000000000
75477  31.218  -60.299  -5.905 0.0000000000
7966  31.006  -61.080  -5.937 0.0000000000
105194  31.277  -60.928  -6.540 0.0000000000
143778  31.162  -61.593  -6.710 0.0000000000
17482  31.441  -60.680  -7.308 0.0000000000
75483  30.851  -61.774  -5.979 0.0000000000
75484  31.490  -60.342  -8.106 0.0000000000
7967  31.431  -59.966  -8.876 0.0000000000
105198  31.509  -58.947  -9.437 0.0000000000
143788  31.300  -58.492  -10.088 0.0000000000
17484  31.573  -57.952  -9.950 0.0000000000
75490  31.296  -59.571  -9.519 0.0000000000
75491  31.612  -56.910  -10.499 0.0000000000
7969  31.635  -56.006  -10.950 0.0000000000
17499  32.829  -42.467  -16.637 0.0000000000
105228  33.831  -41.174  -17.156 0.0000000000
75536  33.088  -41.546  -17.204 0.0000000000
115963  31.439  -45.037  -6.427 0.0000000000
54305  31.838  -44.289  -6.844 0.0000000000
23368  32.255  -44.935  -6.619 0.0000000000
54307  33.021  -44.820  -6.886 0.0000000000
23369  33.709  -44.667  -7.193 0.0000000000
115969  34.263  -44.547  -7.497 0.0000000000
23370  34.801  -44.386  -7.882 0.0000000000
54309  33.990  -43.872  -7.647 0.0000000000
115970  34.534  -43.737  -7.964 0.0000000000
23371  34.233  -43.074  -8.122 0.0000000000
115971  34.769  -42.939  -8.426 0.0000000000
65011  35.032  -43.598  -8.316 0.0000000000
2744  35.253  -42.780  -8.754 0.0000000000
115973  34.376  -42.309  -8.550 0.0000000000
115974  34.917  -42.134  -8.841 0.0000000000
54312  33.950  -41.717  -8.770 0.0000000000
23372  34.497  -41.539  -9.035 0.0000000000
115975  35.017  -41.353  -9.332 0.0000000000
98911  35.408  -41.938  -9.218 0.0000000000
120877  36.838  -42.268  -13.744 0.0000000000
57815  37.048  -41.390  -14.161 0.0000000000
25474  36.666  -42.009  -14.295 0.0000000000
57817  36.444  -41.696  -14.854 0.0000000000
25475  36.176  -41.358  -15.405 0.0000000000
130727  35.362  -47.786  -8.646 0.0000000000
65007  35.474  -47.044  -8.528 0.0000000000
29570  35.700  -46.884  -9.067 0.0000000000
65009  36.009  -46.040  -9.423 0.0000000000
29571  36.325  -45.207  -9.819 0.0000000000
130739  36.579  -44.345  -10.292 0.0000000000
65012  35.267  -44.256  -8.277 0.0000000000
29572  35.685  -44.137  -8.710 0.0000000000
130736  36.029  -43.983  -9.165 0.0000000000
130737  36.104  -44.648  -9.209 0.0000000000
29573  36.337  -43.835  -9.641 0.0000000000
65015  36.253  -43.136  -9.582 0.0000000000
130735  35.896  -43.291  -9.122 0.0000000000
130738  36.386  -44.489  -9.774 0.0000000000
65010  36.113  -45.335  -9.326 0.0000000000
65017  36.615  -43.679  -10.155 0.0000000000
29574  36.815  -43.496  -10.691 0.0000000000
65019  37.030  -42.575  -11.164 0.0000000000
29575  37.200  -41.686  -11.579 0.0000000000
130745  37.345  -40.772  -12.056 0.0000000000
130746  37.450  -40.558  -12.601 0.0000000000
29576  37.414  -39.913  -12.455 0.0000000000
65022  37.226  -40.092  -11.947 0.0000000000
130744  37.157  -40.973  -11.526 0.0000000000
130747  37.563  -39.696  -12.993 0.0000000000
65024  37.474  -39.040  -12.849 0.0000000000
130748  37.640  -38.766  -13.395 0.0000000000
29577  37.544  -38.094  -13.264 0.0000000000
130749  37.687  -37.829  -13.769 0.0000000000
42311  37.749  -38.489  -13.948 0.0000000000
345  37.792  -37.560  -14.281 0.0000000000
161438  37.517  -37.151  -13.702 0.0000000000
161439  37.676  -36.902  -14.164 0.0000000000
143768  29.664  -60.569  -4.703 0.0000000000
75478  30.788  -60.429  -5.407 0.0000000000
143770  30.249  -60.529  -4.998 0.0000000000
34239  30.727  -62.509  -6.077 0.0000000000
75485  31.273  -61.345  -7.429 0.0000000000
143779  31.012  -62.356  -6.762 0.0000000000
34240  31.108  -62.062  -7.468 0.0000000000
143780  30.817  -63.052  -6.743 0.0000000000
143777  30.582  -63.206  -6.134 0.0000000000
143781  30.920  -62.667  -7.547 0.0000000000
3304  30.393  -63.882  -6.146 0.0000000000
93498  30.643  -63.636  -6.814 0.0000000000
10984  30.751  -63.197  -7.699 0.0000000000
75487  31.120  -61.677  -8.275 0.0000000000
143782  30.931  -62.179  -8.433 0.0000000000
34241  31.037  -61.143  -9.145 0.0000000000
143783  30.830  -61.730  -9.225 0.0000000000
41704  30.732  -62.749  -8.509 0.0000000000
143785  30.846  -60.764  -9.779 0.0000000000
155  30.584  -62.247  -9.315 0.0000000000
143784  30.653  -61.389  -9.813 0.0000000000
162223  30.315  -60.888  -10.451 0.0000000000
34242  30.593  -60.383  -10.331 0.0000000000
41710  30.400  -61.890  -9.953 0.0000000000
75489  31.059  -60.248  -9.603 0.0000000000
143786  30.822  -59.801  -10.229 0.0000000000
34243  31.052  -59.228  -10.086 0.0000000000
143787  30.755  -58.777  -10.666 0.0000000000
90811  30.543  -59.364  -10.828 0.0000000000
7968  30.428  -58.365  -11.182 0.0000000000
143789  31.029  -58.143  -10.609 0.0000000000
143790  30.676  -57.704  -11.125 0.0000000000
75492  31.309  -57.545  -10.539 0.0000000000
34244  30.978  -57.091  -11.083 0.0000000000
143791  30.614  -56.652  -11.564 0.0000000000
114391  30.267  -57.240  -11.648 0.0000000000
22591  30.186  -56.178  -12.050 0.0000000000
75494  30.895  -56.005  -11.591 0.0000000000
143792  30.522  -55.629  -12.020 0.0000000000
34245  30.859  -54.961  -12.063 0.0000000000
143793  30.374  -54.445  -12.495 0.0000000000
53311  30.037  -55.042  -12.472 0.0000000000
1770  29.906  -54.027  -12.880 0.0000000000
143802  30.270  -53.399  -12.847 0.0000000000
75495  31.297  -55.508  -11.555 0.0000000000
75537  32.344  -42.003  -17.061 0.0000000000
35918  25.588  -49.187  -6.117 0.0000000000
79589  26.103  -48.274  -6.119 0.0000000000
35919  26.611  -47.330  -6.188 0.0000000000
148751  27.107  -46.493  -6.319 0.0000000000
35922  27.541  -45.666  -6.496 0.0000000000
79597  26.861  -45.808  -6.565 0.0000000000
148750  26.457  -46.642  -6.381 0.0000000000
79599  27.992  -44.907  -6.711 0.0000000000
35923  28.469  -44.131  -7.027 0.0000000000
148757  28.892  -43.400  -7.440 0.0000000000
148758  29.522  -43.317  -7.441 0.0000000000
35924  29.184  -42.715  -7.889 0.0000000000
79602  28.545  -42.823  -7.877 0.0000000000
148756  28.240  -43.507  -7.433 0.0000000000
148759  29.828  -42.603  -7.911 0.0000000000
79604  29.462  -42.058  -8.404 0.0000000000
148760  30.111  -41.948  -8.465 0.0000000000
35925  29.717  -41.350  -8.941 0.0000000000
148761  30.375  -41.221  -8.973 0.0000000000
41141  30.774  -41.818  -8.529 0.0000000000
39  31.030  -41.118  -9.030 0.0000000000
161168  29.756  -40.668  -9.497 0.0000000000
161169  30.421  -40.565  -9.553 0.0000000000
40071  29.828  -39.978  -10.107 0.0000000000
89931  29.170  -40.094  -10.040 0.0000000000
161167  29.089  -40.743  -9.483 0.0000000000
161411  30.598  -39.843  -10.164 0.0000000000
161412  31.203  -40.399  -9.653 0.0000000000
40152  31.321  -39.651  -10.267 0.0000000000
161413  31.849  -40.223  -9.752 0.0000000000
41145  31.694  -40.939  -9.142 0.0000000000
90136  31.935  -39.460  -10.364 0.0000000000
40153  32.533  -39.251  -10.467 0.0000000000
161417  33.119  -38.987  -10.613 0.0000000000
161418  33.658  -39.562  -10.147 0.0000000000
10990  30.033  -61.429  -10.541 0.0000000000
90812  30.302  -59.962  -10.869 0.0000000000
162224  29.997  -60.510  -10.996 0.0000000000
40423  29.892  -59.566  -11.385 0.0000000000
162225  29.574  -60.021  -11.477 0.0000000000
93510  29.706  -61.023  -11.146 0.0000000000
3310  29.307  -60.512  -11.652 0.0000000000
162227  29.504  -59.127  -11.877 0.0000000000
162228  29.193  -59.536  -12.010 0.0000000000
40424  29.135  -58.709  -12.310 0.0000000000
90815  29.392  -58.113  -12.289 0.0000000000
162226  29.809  -58.539  -11.809 0.0000000000
22592  29.637  -57.549  -12.157 0.0000000000
114392  30.068  -57.944  -11.718 0.0000000000
90813  30.145  -58.924  -11.322 0.0000000000
40070  28.499  -40.160  -9.996 0.0000000000
161166  28.475  -40.807  -9.435 0.0000000000
79605  29.070  -41.465  -8.905 0.0000000000
161165  27.814  -40.184  -9.976 0.0000000000
161163  27.820  -40.855  -9.383 0.0000000000
8553  28.436  -41.533  -8.840 0.0000000000
40069  27.176  -40.180  -9.949 0.0000000000
161162  27.159  -40.863  -9.351 0.0000000000
107667  27.843  -41.539  -8.837 0.0000000000
89926  26.571  -40.140  -9.911 0.0000000000
161161  26.563  -40.835  -9.354 0.0000000000
18855  27.210  -41.531  -8.840 0.0000000000
40068  25.982  -40.077  -9.900 0.0000000000
161160  25.998  -40.787  -9.391 0.0000000000
49575  26.533  -41.516  -8.843 0.0000000000
161159  25.399  -40.003  -9.969 0.0000000000
161151  25.424  -40.731  -9.436 0.0000000000
1989  25.940  -41.507  -8.867 0.0000000000
40065  24.822  -39.886  -10.019 0.0000000000
161150  24.861  -40.692  -9.448 0.0000000000
122781  25.346  -41.477  -8.903 0.0000000000
89916  24.255  -39.808  -10.071 0.0000000000
161149  24.270  -40.653  -9.507 0.0000000000
26289  24.776  -41.453  -8.944 0.0000000000
40064  23.688  -39.783  -10.131 0.0000000000
161148  23.681  -40.608  -9.599 0.0000000000
59175  24.255  -41.493  -8.988 0.0000000000
161147  23.124  -39.691  -10.262 0.0000000000
161145  23.085  -40.553  -9.726 0.0000000000
4365  23.668  -41.453  -9.099 0.0000000000
18854  27.925  -42.864  -7.884 0.0000000000
107664  27.579  -43.600  -7.446 0.0000000000
79600  27.843  -44.246  -7.044 0.0000000000
35921  26.257  -45.967  -6.596 0.0000000000
148749  25.828  -46.792  -6.444 0.0000000000
79590  25.977  -47.525  -6.232 0.0000000000
148748  25.655  -46.124  -6.668 0.0000000000
148746  25.202  -46.998  -6.557 0.0000000000
8551  25.335  -47.738  -6.344 0.0000000000
79595  26.070  -45.235  -6.879 0.0000000000
148747  25.478  -45.384  -6.963 0.0000000000
35920  25.051  -46.269  -6.799 0.0000000000
18852  25.888  -44.521  -7.213 0.0000000000
107660  25.273  -44.621  -7.307 0.0000000000
79593  24.906  -45.507  -7.098 0.0000000000
148745  24.590  -47.164  -6.748 0.0000000000
107658  24.702  -47.946  -6.534 0.0000000000
79592  24.489  -46.381  -7.023 0.0000000000
148744  24.020  -47.294  -7.018 0.0000000000
18850  24.064  -48.138  -6.818 0.0000000000
13994  36.996  -40.273  -11.446 0.0000000000
98916  36.918  -41.165  -11.018 0.0000000000
65020  37.031  -41.877  -11.063 0.0000000000
13992  36.109  -42.414  -9.574 0.0000000000
98912  35.672  -42.630  -9.093 0.0000000000
65013  35.486  -43.448  -8.691 0.0000000000
122780  25.180  -42.261  -8.469 0.0000000000
49571  25.747  -42.257  -8.421 0.0000000000
59174  24.593  -42.282  -8.527 0.0000000000
122779  24.930  -43.090  -8.090 0.0000000000
18851  25.488  -43.057  -8.017 0.0000000000
26288  24.368  -43.113  -8.180 0.0000000000
122778  24.547  -43.922  -7.802 0.0000000000
107659  25.119  -43.847  -7.657 0.0000000000
122777  24.025  -43.990  -7.979 0.0000000000
122775  24.193  -44.807  -7.614 0.0000000000
4364  24.721  -44.720  -7.434 0.0000000000
59172  23.809  -43.150  -8.345 0.0000000000
122776  23.525  -44.037  -8.190 0.0000000000
26287  23.663  -44.870  -7.887 0.0000000000
122774  23.833  -45.695  -7.599 0.0000000000
79591  24.379  -45.591  -7.298 0.0000000000
114393  29.915  -56.881  -12.117 0.0000000000
107666  27.530  -42.211  -8.348 0.0000000000
79601  28.158  -42.197  -8.336 0.0000000000
49574  26.920  -42.258  -8.352 0.0000000000
107665  27.292  -42.908  -7.907 0.0000000000
18853  26.661  -42.960  -7.933 0.0000000000
107663  26.926  -43.664  -7.496 0.0000000000
8552  27.158  -44.360  -7.094 0.0000000000
107662  26.308  -43.721  -7.538 0.0000000000
79594  26.508  -44.449  -7.150 0.0000000000
49572  26.057  -43.013  -7.961 0.0000000000
107661  25.713  -43.781  -7.589 0.0000000000
107657  24.291  -48.875  -6.584 0.0000000000
79586  24.886  -48.718  -6.301 0.0000000000
98915  36.628  -41.352  -10.532 0.0000000000
6092  36.785  -42.055  -10.543 0.0000000000
98917  36.713  -40.486  -10.952 0.0000000000
13993  36.377  -40.713  -10.526 0.0000000000
98914  36.287  -41.531  -10.087 0.0000000000
65014  36.480  -42.223  -10.054 0.0000000000
44712  35.975  -40.937  -10.099 0.0000000000
98913  35.864  -41.732  -9.635 0.0000000000
13991  35.519  -41.155  -9.675 0.0000000000
93509  29.805  -61.984  -10.652 0.0000000000
56006  29.480  -61.484  -11.192 0.0000000000
93500  30.442  -64.206  -6.971 0.0000000000
93499  30.194  -64.494  -6.232 0.0000000000
90814  29.269  -57.094  -12.637 0.0000000000
90816  29.021  -57.755  -12.695 0.0000000000
10063  28.858  -56.680  -13.067 0.0000000000
114394  29.551  -56.550  -12.468 0.0000000000
114395  29.098  -56.101  -12.902 0.0000000000
79603  28.816  -42.147  -8.355 0.0000000000
79598  27.325  -45.008  -6.751 0.0000000000
79596  26.692  -45.091  -6.809 0.0000000000
26286  23.945  -46.487  -7.316 0.0000000000
79588  25.492  -48.495  -6.190 0.0000000000
75493  31.277  -56.486  -11.055 0.0000000000
75488  31.247  -60.684  -8.924 0.0000000000
75486  31.323  -61.082  -8.172 0.0000000000
65023  37.274  -39.289  -12.328 0.0000000000
65025  37.350  -38.354  -12.798 0.0000000000
6093  37.037  -38.631  -12.281 0.0000000000
65021  37.040  -39.488  -11.848 0.0000000000
98918  36.765  -39.686  -11.421 0.0000000000
98919  36.734  -38.886  -11.816 0.0000000000
65018  36.832  -42.771  -10.609 0.0000000000
65016  36.569  -42.957  -10.076 0.0000000000
65008  35.807  -46.204  -8.867 0.0000000000
59173  24.029  -42.283  -8.622 0.0000000000
59171  23.492  -42.248  -8.771 0.0000000000
12044  23.286  -43.158  -8.560 0.0000000000
95408  23.032  -42.275  -8.942 0.0000000000
95409  23.107  -41.393  -9.258 0.0000000000
57816  36.880  -41.107  -14.739 0.0000000000
57818  36.686  -40.816  -15.284 0.0000000000
3913  37.114  -40.177  -15.135 0.0000000000
54313  34.054  -40.956  -9.194 0.0000000000
54308  33.411  -43.992  -7.359 0.0000000000
54306  32.652  -44.125  -7.062 0.0000000000
53313  29.598  -54.691  -12.886 0.0000000000
53312  29.726  -55.795  -12.531 0.0000000000
49573  26.337  -42.261  -8.381 0.0000000000
44711  35.601  -40.292  -10.171 0.0000000000
44713  36.034  -40.086  -10.563 0.0000000000
42313  37.806  -38.223  -14.484 0.0000000000
41708  30.347  -62.759  -9.446 0.0000000000
41709  30.149  -62.410  -10.019 0.0000000000
41706  30.483  -63.352  -8.551 0.0000000000
41705  30.522  -63.799  -7.731 0.0000000000
41143  31.573  -41.662  -8.604 0.0000000000
161437  37.325  -37.414  -13.249 0.0000000000
54314  34.605  -40.739  -9.479 0.0000000000
44714  36.430  -39.886  -10.992 0.0000000000
161433  36.784  -37.988  -12.309 0.0000000000
161436  37.088  -37.693  -12.786 0.0000000000
54315  34.122  -40.131  -9.740 0.0000000000
825  35.630  -39.482  -10.676 0.0000000000
44715  36.054  -39.292  -11.057 0.0000000000
13995  36.442  -39.115  -11.409 0.0000000000
161430  35.674  -38.666  -11.216 0.0000000000
161431  36.082  -38.453  -11.567 0.0000000000
22593  29.384  -55.421  -12.918 0.0000000000
161432  36.451  -38.230  -11.929 0.0000000000
