#!ascii label  , from subject  vox2ras=TkReg
128
105359  41.319  -52.334  -19.169 0.0000000000
17573  41.243  -53.218  -19.057 0.0000000000
105358  41.429  -52.490  -18.753 0.0000000000
75754  41.445  -51.647  -18.762 0.0000000000
8009  41.347  -51.497  -19.188 0.0000000000
162215  40.998  -52.765  -19.356 0.0000000000
162216  41.059  -51.881  -19.456 0.0000000000
40420  40.592  -52.261  -19.483 0.0000000000
90804  40.425  -53.109  -19.295 0.0000000000
162214  40.909  -53.571  -19.210 0.0000000000
162218  40.609  -51.397  -19.626 0.0000000000
162219  41.096  -50.929  -19.513 0.0000000000
40421  40.712  -50.552  -19.735 0.0000000000
90807  40.191  -50.820  -19.659 0.0000000000
162217  40.071  -51.699  -19.465 0.0000000000
162220  41.119  -50.109  -19.570 0.0000000000
75758  41.344  -50.711  -19.208 0.0000000000
34355  41.311  -49.935  -19.257 0.0000000000
90809  40.818  -49.706  -19.825 0.0000000000
162221  41.122  -49.382  -19.628 0.0000000000
40422  40.848  -48.832  -19.932 0.0000000000
162222  41.098  -48.675  -19.671 0.0000000000
144113  41.284  -49.035  -19.346 0.0000000000
156  41.175  -48.239  -19.364 0.0000000000
162302  40.804  -48.074  -19.949 0.0000000000
162303  41.020  -47.829  -19.670 0.0000000000
40449  40.708  -47.351  -19.902 0.0000000000
90877  40.366  -47.681  -20.148 0.0000000000
162301  40.385  -48.502  -20.094 0.0000000000
162304  40.881  -47.059  -19.629 0.0000000000
41738  41.026  -47.504  -19.331 0.0000000000
40448  39.842  -47.981  -20.072 0.0000000000
162300  39.843  -48.735  -19.905 0.0000000000
90810  40.408  -49.222  -19.998 0.0000000000
162299  39.241  -48.419  -19.900 0.0000000000
162297  39.218  -49.174  -19.723 0.0000000000
10062  39.716  -49.573  -19.685 0.0000000000
40447  38.655  -48.758  -19.651 0.0000000000
162296  38.579  -49.491  -19.430 0.0000000000
114390  39.159  -49.939  -19.538 0.0000000000
22589  39.567  -51.216  -19.401 0.0000000000
114387  39.486  -52.025  -19.187 0.0000000000
90805  39.958  -52.534  -19.268 0.0000000000
40419  40.244  -53.981  -19.101 0.0000000000
162213  40.742  -54.523  -19.015 0.0000000000
48293  41.185  -54.155  -18.978 0.0000000000
162212  40.044  -54.874  -18.906 0.0000000000
162204  40.569  -55.403  -18.905 0.0000000000
1787  41.112  -55.043  -18.924 0.0000000000
90802  39.631  -54.240  -18.754 0.0000000000
162211  39.391  -55.149  -18.515 0.0000000000
40416  39.803  -55.777  -18.668 0.0000000000
162203  40.363  -56.279  -18.815 0.0000000000
120986  40.981  -55.836  -18.878 0.0000000000
144112  41.369  -49.335  -19.002 0.0000000000
41734  41.318  -48.487  -19.126 0.0000000000
75757  41.409  -50.173  -18.864 0.0000000000
144111  41.448  -49.497  -18.557 0.0000000000
11014  41.364  -48.814  -18.612 0.0000000000
34354  41.486  -50.171  -18.510 0.0000000000
144110  41.452  -49.716  -18.089 0.0000000000
93552  41.411  -48.949  -18.228 0.0000000000
144109  41.423  -50.432  -17.975 0.0000000000
144107  41.318  -49.954  -17.607 0.0000000000
3334  41.323  -49.207  -17.698 0.0000000000
75755  41.492  -50.943  -18.453 0.0000000000
144108  41.408  -51.285  -17.904 0.0000000000
34353  41.287  -50.699  -17.513 0.0000000000
17572  41.466  -51.889  -18.422 0.0000000000
105356  41.383  -52.161  -17.893 0.0000000000
75753  41.226  -51.425  -17.450 0.0000000000
144106  41.197  -49.922  -17.082 0.0000000000
56079  41.215  -49.296  -17.126 0.0000000000
75752  41.150  -50.854  -16.974 0.0000000000
144105  41.116  -50.158  -16.413 0.0000000000
24432  41.195  -49.465  -16.558 0.0000000000
25520  40.780  -56.772  -18.800 0.0000000000
120985  41.270  -56.202  -18.647 0.0000000000
48289  41.351  -55.362  -18.656 0.0000000000
57892  41.076  -57.096  -18.591 0.0000000000
120984  41.395  -56.385  -18.306 0.0000000000
17569  41.439  -55.512  -18.276 0.0000000000
25519  41.312  -57.293  -18.327 0.0000000000
120983  41.370  -56.611  -17.875 0.0000000000
105351  41.435  -55.762  -17.842 0.0000000000
22590  38.499  -50.293  -19.174 0.0000000000
114389  39.048  -50.696  -19.295 0.0000000000
90806  39.645  -50.406  -19.543 0.0000000000
53309  38.446  -51.045  -18.941 0.0000000000
114388  38.946  -51.575  -19.046 0.0000000000
48292  41.407  -53.423  -18.742 0.0000000000
105357  41.441  -52.836  -18.400 0.0000000000
17571  41.441  -53.744  -18.337 0.0000000000
105355  41.360  -53.021  -17.908 0.0000000000
8008  41.223  -52.292  -17.417 0.0000000000
105354  41.379  -53.932  -17.838 0.0000000000
75747  41.217  -53.203  -17.379 0.0000000000
48290  41.467  -54.622  -18.251 0.0000000000
105353  41.414  -54.828  -17.822 0.0000000000
17570  41.228  -54.143  -17.331 0.0000000000
105352  41.248  -55.013  -17.391 0.0000000000
144099  41.064  -54.197  -16.923 0.0000000000
3937  41.267  -55.883  -17.449 0.0000000000
75746  41.080  -55.062  -16.959 0.0000000000
93554  41.324  -48.160  -18.314 0.0000000000
93553  41.290  -48.370  -17.790 0.0000000000
90808  40.368  -49.949  -19.866 0.0000000000
10061  39.339  -52.911  -18.892 0.0000000000
90803  39.838  -53.341  -19.007 0.0000000000
90801  39.162  -53.789  -18.614 0.0000000000
40418  38.935  -54.630  -18.358 0.0000000000
90799  38.670  -53.228  -18.486 0.0000000000
90800  38.478  -54.078  -18.105 0.0000000000
75756  41.454  -50.897  -18.787 0.0000000000
75751  41.118  -51.705  -16.918 0.0000000000
34352  41.066  -51.036  -16.363 0.0000000000
75749  41.103  -52.505  -16.889 0.0000000000
75750  41.004  -51.860  -16.367 0.0000000000
75748  41.077  -53.330  -16.908 0.0000000000
34351  40.945  -52.653  -16.394 0.0000000000
144100  40.913  -53.507  -16.425 0.0000000000
56081  41.243  -48.585  -17.217 0.0000000000
56080  41.251  -48.698  -16.712 0.0000000000
48291  41.387  -54.471  -18.675 0.0000000000
41736  41.190  -47.754  -19.081 0.0000000000
41735  41.256  -48.035  -18.645 0.0000000000
114386  38.815  -52.423  -18.779 0.0000000000
34350  40.929  -54.346  -16.475 0.0000000000
