#!ascii label  , from subject  vox2ras=TkReg
105
116002  -37.988  -64.117  -16.840 0.0000000000
23385  -38.794  -63.838  -17.466 0.0000000000
54332  -38.104  -64.830  -16.843 0.0000000000
116003  -38.662  -63.168  -17.436 0.0000000000
116001  -37.250  -64.967  -16.319 0.0000000000
23384  -37.180  -64.279  -16.280 0.0000000000
65079  -37.888  -63.387  -16.820 0.0000000000
2752  -38.480  -62.479  -17.406 0.0000000000
116005  -39.446  -62.897  -18.061 0.0000000000
116006  -39.178  -62.163  -18.054 0.0000000000
23386  -40.036  -61.875  -18.647 0.0000000000
54335  -40.354  -62.607  -18.597 0.0000000000
116004  -39.656  -63.612  -18.072 0.0000000000
116007  -39.702  -61.205  -18.674 0.0000000000
98952  -38.943  -61.499  -18.070 0.0000000000
14014  -39.409  -60.542  -18.699 0.0000000000
54337  -40.520  -60.919  -19.188 0.0000000000
116008  -40.168  -60.276  -19.236 0.0000000000
10432  -40.585  -63.436  -18.535 0.0000000000
92504  -39.834  -64.354  -18.059 0.0000000000
54333  -38.978  -64.542  -17.477 0.0000000000
23383  -37.351  -65.669  -16.302 0.0000000000
115999  -36.419  -65.898  -15.873 0.0000000000
116000  -36.385  -65.225  -15.855 0.0000000000
130818  -36.330  -64.584  -15.808 0.0000000000
831  -35.555  -66.119  -15.519 0.0000000000
44733  -35.528  -65.487  -15.484 0.0000000000
115998  -36.475  -66.672  -15.892 0.0000000000
44727  -35.593  -66.811  -15.544 0.0000000000
98954  -38.696  -60.826  -18.085 0.0000000000
98953  -38.258  -61.742  -17.396 0.0000000000
92503  -39.963  -65.045  -17.981 0.0000000000
2751  -39.095  -65.255  -17.426 0.0000000000
92505  -40.746  -64.163  -18.481 0.0000000000
10431  -40.890  -64.909  -18.423 0.0000000000
92502  -40.047  -65.927  -17.868 0.0000000000
54327  -39.175  -66.106  -17.336 0.0000000000
41150  -41.019  -65.807  -18.337 0.0000000000
92501  -40.077  -66.823  -17.761 0.0000000000
10430  -39.189  -67.013  -17.246 0.0000000000
10429  -40.974  -66.687  -18.172 0.0000000000
92499  -40.046  -67.719  -17.623 0.0000000000
92500  -39.139  -67.940  -17.182 0.0000000000
115994  -38.253  -68.030  -16.815 0.0000000000
2749  -39.087  -68.868  -17.140 0.0000000000
54326  -38.170  -68.916  -16.815 0.0000000000
65081  -37.756  -62.714  -16.757 0.0000000000
65080  -37.116  -63.649  -16.211 0.0000000000
54334  -41.216  -62.380  -19.010 0.0000000000
54336  -40.942  -61.620  -19.116 0.0000000000
2753  -41.705  -61.426  -19.417 0.0000000000
92506  -41.418  -63.163  -18.896 0.0000000000
92507  -41.943  -62.164  -19.284 0.0000000000
54331  -38.205  -65.528  -16.831 0.0000000000
54329  -38.301  -66.330  -16.788 0.0000000000
54330  -37.425  -66.494  -16.325 0.0000000000
54328  -38.341  -67.166  -16.790 0.0000000000
23382  -37.439  -67.324  -16.350 0.0000000000
115995  -37.396  -68.163  -16.390 0.0000000000
54324  -38.084  -69.791  -16.801 0.0000000000
54325  -37.196  -69.825  -16.467 0.0000000000
23381  -37.307  -69.026  -16.434 0.0000000000
54338  -41.383  -60.708  -19.520 0.0000000000
162144  -42.368  -61.109  -19.592 0.0000000000
162147  -42.070  -60.383  -19.744 0.0000000000
149000  -39.023  -69.542  -17.089 0.0000000000
149003  -39.986  -68.453  -17.474 0.0000000000
23387  -41.010  -60.022  -19.600 0.0000000000
162148  -41.781  -59.755  -19.864 0.0000000000
130819  -36.257  -63.955  -15.698 0.0000000000
29604  -37.059  -63.006  -16.130 0.0000000000
130821  -37.620  -62.012  -16.729 0.0000000000
41152  -41.576  -63.928  -18.795 0.0000000000
10433  -42.134  -62.993  -19.116 0.0000000000
162143  -42.634  -61.874  -19.429 0.0000000000
14015  -38.063  -61.025  -17.398 0.0000000000
14013  -35.475  -64.841  -15.424 0.0000000000
130820  -36.167  -63.280  -15.589 0.0000000000
98951  -35.407  -64.198  -15.337 0.0000000000
6105  -35.289  -63.589  -15.249 0.0000000000
130822  -36.920  -62.306  -16.042 0.0000000000
130823  -36.047  -62.576  -15.471 0.0000000000
65083  -37.468  -61.282  -16.709 0.0000000000
29605  -36.729  -61.601  -15.970 0.0000000000
130824  -35.902  -61.912  -15.411 0.0000000000
65078  -35.144  -62.907  -15.179 0.0000000000
40396  -42.986  -60.870  -19.699 0.0000000000
162146  -42.750  -60.152  -19.887 0.0000000000
40397  -42.329  -59.477  -20.012 0.0000000000
90747  -42.771  -59.226  -19.999 0.0000000000
162145  -43.102  -59.947  -19.812 0.0000000000
22569  -43.203  -59.039  -19.952 0.0000000000
114351  -43.420  -59.702  -19.705 0.0000000000
90745  -43.401  -60.713  -19.590 0.0000000000
114350  -43.501  -59.553  -19.411 0.0000000000
10053  -43.640  -60.426  -19.419 0.0000000000
114352  -43.292  -58.826  -19.617 0.0000000000
90743  -43.604  -61.396  -19.353 0.0000000000
90744  -43.203  -61.604  -19.490 0.0000000000
65076  -34.385  -63.828  -15.142 0.0000000000
65077  -34.263  -63.229  -15.094 0.0000000000
29603  -34.971  -62.214  -15.118 0.0000000000
90739  -43.702  -60.396  -19.008 0.0000000000
90741  -43.847  -61.282  -19.044 0.0000000000
65074  -34.493  -64.496  -15.194 0.0000000000
