#!ascii label  , from subject  vox2ras=TkReg
102
10059  -39.072  -50.116  -19.920 0.0000000000
90784  -39.235  -49.852  -19.569 0.0000000000
90786  -39.299  -50.700  -19.950 0.0000000000
90788  -38.951  -50.972  -20.083 0.0000000000
90790  -38.731  -50.359  -20.071 0.0000000000
114377  -39.035  -49.264  -19.591 0.0000000000
114378  -38.832  -49.510  -19.914 0.0000000000
22582  -39.416  -49.687  -19.081 0.0000000000
90785  -39.491  -50.505  -19.611 0.0000000000
114376  -39.204  -49.011  -19.165 0.0000000000
162191  -39.856  -51.250  -19.721 0.0000000000
40412  -39.562  -51.400  -19.992 0.0000000000
162190  -39.699  -50.295  -19.134 0.0000000000
90787  -39.189  -51.641  -20.121 0.0000000000
162194  -38.957  -52.624  -20.046 0.0000000000
40413  -38.732  -52.035  -20.012 0.0000000000
162193  -39.447  -52.332  -20.188 0.0000000000
90789  -38.487  -51.355  -20.002 0.0000000000
162197  -37.997  -51.585  -19.740 0.0000000000
40414  -38.245  -50.706  -20.002 0.0000000000
162196  -38.229  -52.179  -19.767 0.0000000000
162199  -38.441  -49.671  -20.096 0.0000000000
22583  -39.028  -48.380  -19.278 0.0000000000
53302  -39.102  -47.991  -18.869 0.0000000000
114375  -39.309  -48.751  -18.720 0.0000000000
114379  -38.840  -48.678  -19.663 0.0000000000
22584  -38.625  -48.930  -19.957 0.0000000000
53304  -38.885  -47.684  -19.441 0.0000000000
114380  -38.709  -48.034  -19.811 0.0000000000
22585  -38.784  -46.916  -19.726 0.0000000000
114381  -38.631  -47.341  -20.071 0.0000000000
90791  -38.513  -48.306  -20.128 0.0000000000
10060  -38.443  -47.678  -20.401 0.0000000000
162206  -38.832  -46.230  -20.107 0.0000000000
162207  -38.601  -46.625  -20.462 0.0000000000
114374  -39.567  -49.475  -18.647 0.0000000000
90783  -39.844  -50.092  -18.655 0.0000000000
40411  -39.989  -50.938  -19.211 0.0000000000
162192  -39.845  -52.077  -20.028 0.0000000000
162189  -40.133  -51.855  -19.777 0.0000000000
10056  -40.126  -52.727  -20.055 0.0000000000
90765  -39.730  -53.042  -20.234 0.0000000000
40404  -39.210  -53.287  -20.081 0.0000000000
162198  -37.764  -51.005  -19.761 0.0000000000
11618  -37.678  -52.450  -19.343 0.0000000000
94640  -37.474  -51.847  -19.323 0.0000000000
3938  -37.244  -51.307  -19.351 0.0000000000
162200  -38.017  -50.081  -20.026 0.0000000000
162201  -37.529  -50.432  -19.760 0.0000000000
90792  -38.261  -49.108  -20.195 0.0000000000
40415  -37.801  -49.506  -20.114 0.0000000000
162202  -37.303  -49.834  -19.770 0.0000000000
57893  -37.042  -50.683  -19.343 0.0000000000
25520  -36.843  -50.032  -19.365 0.0000000000
90794  -37.640  -48.925  -20.220 0.0000000000
162203  -37.092  -49.144  -19.881 0.0000000000
162188  -40.239  -51.598  -19.290 0.0000000000
114363  -40.382  -52.457  -19.835 0.0000000000
90782  -40.112  -50.663  -18.705 0.0000000000
162187  -40.364  -51.232  -18.821 0.0000000000
22575  -40.518  -52.197  -19.398 0.0000000000
40410  -40.220  -50.380  -18.218 0.0000000000
162186  -40.484  -50.959  -18.354 0.0000000000
53295  -40.618  -51.866  -18.977 0.0000000000
22581  -39.245  -47.621  -18.503 0.0000000000
114373  -39.423  -48.398  -18.300 0.0000000000
10058  -39.667  -49.061  -18.205 0.0000000000
114362  -40.639  -53.044  -19.886 0.0000000000
90761  -40.386  -53.310  -20.155 0.0000000000
53294  -40.845  -52.760  -19.537 0.0000000000
114361  -40.939  -53.597  -19.962 0.0000000000
22574  -40.651  -53.899  -20.207 0.0000000000
94639  -37.111  -52.592  -18.939 0.0000000000
57889  -36.882  -51.986  -18.869 0.0000000000
90793  -38.134  -48.561  -20.341 0.0000000000
90781  -39.931  -49.725  -18.174 0.0000000000
90763  -39.979  -53.660  -20.261 0.0000000000
90764  -39.469  -53.946  -20.109 0.0000000000
90762  -40.214  -54.230  -20.273 0.0000000000
40403  -39.676  -54.483  -20.119 0.0000000000
57891  -36.681  -51.377  -18.844 0.0000000000
57892  -36.494  -50.759  -18.840 0.0000000000
57890  -36.389  -52.143  -18.299 0.0000000000
25519  -36.166  -51.522  -18.290 0.0000000000
11617  -36.595  -52.804  -18.365 0.0000000000
53303  -38.940  -47.233  -19.098 0.0000000000
53305  -38.920  -46.534  -19.391 0.0000000000
2501  -39.095  -46.221  -18.987 0.0000000000
53301  -39.145  -46.893  -18.725 0.0000000000
2500  -40.766  -51.540  -18.515 0.0000000000
53293  -40.931  -52.539  -19.159 0.0000000000
22573  -41.187  -53.305  -19.678 0.0000000000
53291  -41.072  -52.171  -18.706 0.0000000000
53292  -41.273  -53.101  -19.311 0.0000000000
162205  -38.993  -45.893  -19.727 0.0000000000
114358  -41.525  -53.889  -19.793 0.0000000000
114359  -41.270  -54.194  -20.018 0.0000000000
90795  -38.030  -47.943  -20.524 0.0000000000
162210  -38.400  -47.012  -20.727 0.0000000000
127989  -40.818  -51.216  -18.065 0.0000000000
162177  -40.549  -50.641  -17.895 0.0000000000
128001  -39.160  -45.499  -19.343 0.0000000000
