#!ascii label  , from subject  vox2ras=TkReg
402
48280  39.773  -62.300  -14.146 0.0000000000
105336  39.735  -61.554  -13.639 0.0000000000
17561  39.809  -61.478  -14.245 0.0000000000
48279  39.855  -63.201  -14.543 0.0000000000
17559  39.772  -63.112  -14.037 0.0000000000
48281  39.872  -62.443  -14.643 0.0000000000
105335  39.705  -62.415  -13.545 0.0000000000
832  40.077  -63.082  -15.113 0.0000000000
120967  40.116  -62.327  -15.231 0.0000000000
144069  39.900  -61.541  -14.779 0.0000000000
105333  39.734  -63.277  -13.508 0.0000000000
105334  39.719  -62.481  -13.068 0.0000000000
17560  39.724  -61.655  -13.137 0.0000000000
105337  39.786  -60.728  -13.754 0.0000000000
75717  39.741  -60.799  -13.241 0.0000000000
8004  39.768  -59.920  -13.350 0.0000000000
144070  39.806  -60.637  -14.278 0.0000000000
144071  39.838  -59.958  -13.841 0.0000000000
25513  40.128  -61.514  -15.332 0.0000000000
120966  40.159  -63.183  -15.648 0.0000000000
120968  40.227  -62.330  -15.779 0.0000000000
25512  40.238  -63.109  -16.170 0.0000000000
57880  40.359  -62.392  -16.299 0.0000000000
120969  40.247  -61.486  -15.907 0.0000000000
25514  40.392  -61.494  -16.424 0.0000000000
120970  40.263  -60.616  -16.012 0.0000000000
75722  40.147  -60.674  -15.458 0.0000000000
3935  40.167  -59.813  -15.538 0.0000000000
120972  40.469  -60.577  -16.526 0.0000000000
120973  40.383  -59.715  -16.103 0.0000000000
25515  40.566  -59.722  -16.591 0.0000000000
57883  40.636  -60.444  -16.980 0.0000000000
120971  40.453  -61.362  -16.962 0.0000000000
120974  40.450  -58.840  -16.144 0.0000000000
105338  40.209  -58.949  -15.611 0.0000000000
17562  40.261  -58.068  -15.649 0.0000000000
57885  40.670  -58.843  -16.602 0.0000000000
120975  40.511  -57.997  -16.154 0.0000000000
25516  40.775  -57.827  -16.624 0.0000000000
120976  40.624  -57.076  -16.153 0.0000000000
48282  40.376  -57.167  -15.636 0.0000000000
120978  40.878  -56.881  -16.637 0.0000000000
1786  40.518  -56.306  -15.622 0.0000000000
120977  40.698  -56.211  -16.127 0.0000000000
75723  39.947  -60.645  -14.911 0.0000000000
34341  39.894  -59.873  -14.353 0.0000000000
144073  39.863  -59.105  -13.907 0.0000000000
144074  39.854  -59.120  -13.437 0.0000000000
34342  39.941  -58.371  -13.499 0.0000000000
75726  39.978  -58.292  -14.016 0.0000000000
144072  39.997  -59.066  -14.473 0.0000000000
144075  39.955  -58.358  -13.018 0.0000000000
75721  39.821  -59.142  -12.932 0.0000000000
17563  40.117  -58.236  -14.572 0.0000000000
105339  40.018  -59.059  -15.059 0.0000000000
75724  39.961  -59.882  -15.024 0.0000000000
11615  40.529  -61.390  -17.339 0.0000000000
94633  40.353  -62.278  -17.222 0.0000000000
57881  40.370  -62.278  -16.794 0.0000000000
130826  40.008  -63.940  -15.500 0.0000000000
130827  40.084  -63.841  -16.042 0.0000000000
105340  40.123  -58.195  -15.108 0.0000000000
144063  39.714  -61.777  -12.633 0.0000000000
6104  39.741  -63.406  -13.044 0.0000000000
75716  39.785  -62.612  -12.621 0.0000000000
130814  39.821  -64.144  -13.483 0.0000000000
130815  39.826  -63.942  -13.956 0.0000000000
94632  39.925  -62.974  -17.404 0.0000000000
3934  40.151  -63.101  -17.063 0.0000000000
94634  40.232  -62.118  -17.566 0.0000000000
11614  39.590  -62.737  -17.683 0.0000000000
130832  39.514  -63.787  -17.154 0.0000000000
130833  39.159  -63.524  -17.388 0.0000000000
75719  39.732  -60.024  -12.845 0.0000000000
75720  39.869  -59.304  -12.500 0.0000000000
34340  39.979  -58.425  -12.503 0.0000000000
144067  40.027  -58.538  -12.065 0.0000000000
34339  39.799  -60.272  -12.412 0.0000000000
144066  39.909  -59.343  -12.016 0.0000000000
75718  39.699  -60.870  -12.751 0.0000000000
144064  39.772  -61.010  -12.359 0.0000000000
75714  39.921  -63.515  -12.653 0.0000000000
75715  39.939  -62.704  -12.269 0.0000000000
34338  39.827  -61.880  -12.297 0.0000000000
144061  39.934  -61.925  -11.943 0.0000000000
29600  40.113  -63.553  -12.375 0.0000000000
144060  40.116  -62.782  -11.998 0.0000000000
130810  40.125  -64.323  -12.749 0.0000000000
130811  39.951  -64.171  -13.048 0.0000000000
57884  40.800  -59.541  -17.025 0.0000000000
57886  40.919  -58.655  -17.068 0.0000000000
3936  40.983  -59.445  -17.426 0.0000000000
57882  40.737  -60.402  -17.413 0.0000000000
94635  40.503  -61.237  -17.697 0.0000000000
94636  40.755  -60.334  -17.787 0.0000000000
57879  40.214  -63.119  -16.609 0.0000000000
130828  39.972  -63.906  -16.401 0.0000000000
130829  39.803  -63.827  -16.850 0.0000000000
48284  40.380  -56.413  -15.141 0.0000000000
48283  40.268  -57.299  -15.149 0.0000000000
130816  39.882  -63.897  -14.445 0.0000000000
130817  40.001  -63.836  -14.976 0.0000000000
144065  39.870  -60.202  -12.036 0.0000000000
144062  39.874  -61.059  -11.996 0.0000000000
130808  40.313  -63.610  -12.133 0.0000000000
130809  40.345  -64.355  -12.536 0.0000000000
57887  40.990  -57.774  -17.053 0.0000000000
75725  40.099  -57.486  -14.088 0.0000000000
105341  40.167  -57.369  -14.583 0.0000000000
42335  39.986  -61.900  -17.889 0.0000000000
42334  39.214  -62.423  -17.901 0.0000000000
130834  38.712  -63.257  -17.555 0.0000000000
57888  41.107  -58.556  -17.441 0.0000000000
94637  40.965  -59.461  -17.838 0.0000000000
48286  40.441  -55.535  -15.107 0.0000000000
48288  40.594  -55.406  -15.602 0.0000000000
42336  39.597  -61.593  -18.094 0.0000000000
353  38.787  -62.060  -17.815 0.0000000000
130835  38.339  -62.867  -17.471 0.0000000000
11616  40.325  -61.014  -18.031 0.0000000000
42338  39.186  -61.205  -18.091 0.0000000000
42337  39.967  -60.700  -18.243 0.0000000000
94639  40.335  -59.775  -18.370 0.0000000000
11618  39.552  -60.380  -18.271 0.0000000000
94638  40.630  -60.102  -18.102 0.0000000000
162195  38.346  -61.552  -17.817 0.0000000000
162196  38.765  -60.674  -18.062 0.0000000000
17564  40.219  -56.549  -14.569 0.0000000000
48285  40.313  -55.687  -14.549 0.0000000000
25518  41.184  -57.663  -17.455 0.0000000000
120981  41.140  -58.462  -17.865 0.0000000000
11617  40.903  -59.153  -18.197 0.0000000000
94640  39.887  -59.549  -18.417 0.0000000000
57889  40.679  -58.842  -18.452 0.0000000000
3938  40.205  -58.700  -18.546 0.0000000000
162197  39.168  -59.834  -18.245 0.0000000000
162198  39.476  -58.992  -18.382 0.0000000000
105342  40.216  -56.589  -14.074 0.0000000000
57890  41.132  -58.182  -18.291 0.0000000000
120982  41.272  -57.511  -17.883 0.0000000000
130807  40.556  -64.379  -12.331 0.0000000000
351  40.514  -63.706  -11.930 0.0000000000
42333  40.285  -62.801  -11.782 0.0000000000
29599  40.617  -65.106  -12.756 0.0000000000
65072  40.404  -65.046  -12.961 0.0000000000
29601  40.193  -64.943  -13.158 0.0000000000
130813  40.028  -64.994  -13.498 0.0000000000
29602  39.992  -64.703  -13.972 0.0000000000
65075  40.161  -65.397  -13.996 0.0000000000
130812  40.290  -65.567  -13.564 0.0000000000
65077  39.942  -64.587  -14.350 0.0000000000
29603  39.945  -64.573  -14.872 0.0000000000
130825  39.903  -64.638  -15.410 0.0000000000
29606  39.860  -64.597  -15.882 0.0000000000
65085  39.474  -65.337  -15.640 0.0000000000
130824  39.763  -65.325  -15.310 0.0000000000
65087  39.599  -64.636  -16.223 0.0000000000
29607  39.380  -64.566  -16.593 0.0000000000
130831  39.030  -64.549  -16.821 0.0000000000
29608  38.667  -64.306  -16.964 0.0000000000
65090  38.187  -64.962  -16.525 0.0000000000
130830  38.526  -65.181  -16.373 0.0000000000
65092  38.280  -63.993  -17.154 0.0000000000
29609  37.882  -63.659  -17.088 0.0000000000
162167  37.539  -63.178  -17.155 0.0000000000
162168  37.945  -62.403  -17.523 0.0000000000
11613  40.129  -61.958  -11.715 0.0000000000
94631  40.025  -61.083  -11.684 0.0000000000
3933  39.972  -60.252  -11.622 0.0000000000
57878  40.020  -59.391  -11.626 0.0000000000
25511  40.117  -58.535  -11.663 0.0000000000
40404  37.118  -62.729  -17.014 0.0000000000
90764  36.764  -63.521  -16.599 0.0000000000
162166  37.106  -63.968  -16.714 0.0000000000
162194  37.482  -61.917  -17.381 0.0000000000
40413  37.859  -61.108  -17.686 0.0000000000
90787  37.107  -61.417  -17.170 0.0000000000
162193  36.767  -62.252  -16.879 0.0000000000
90789  38.230  -60.258  -17.907 0.0000000000
40414  38.619  -59.358  -18.073 0.0000000000
162200  39.000  -58.425  -18.190 0.0000000000
162201  39.792  -58.104  -18.520 0.0000000000
40403  36.433  -64.294  -16.170 0.0000000000
162165  36.678  -64.738  -16.224 0.0000000000
65093  37.437  -64.414  -16.676 0.0000000000
14017  37.728  -65.561  -16.047 0.0000000000
98957  38.056  -65.761  -15.927 0.0000000000
65088  38.893  -65.283  -16.269 0.0000000000
29605  39.119  -66.016  -15.407 0.0000000000
130823  39.473  -66.054  -15.107 0.0000000000
65078  39.887  -65.333  -14.815 0.0000000000
130822  38.798  -66.660  -15.104 0.0000000000
130820  39.252  -66.743  -14.896 0.0000000000
6105  39.798  -66.059  -14.759 0.0000000000
65083  38.492  -66.472  -15.331 0.0000000000
130821  38.173  -67.096  -14.819 0.0000000000
29604  38.544  -67.271  -14.688 0.0000000000
14015  37.733  -67.005  -14.875 0.0000000000
98953  37.472  -67.613  -14.269 0.0000000000
65081  37.918  -67.748  -14.272 0.0000000000
130819  39.023  -67.390  -14.595 0.0000000000
98951  39.615  -66.777  -14.700 0.0000000000
65080  38.334  -67.895  -14.260 0.0000000000
130818  38.787  -68.056  -14.230 0.0000000000
14013  39.444  -67.519  -14.507 0.0000000000
23384  38.168  -68.540  -13.836 0.0000000000
116000  38.639  -68.657  -13.891 0.0000000000
44733  39.249  -68.193  -14.225 0.0000000000
14012  40.316  -66.071  -14.042 0.0000000000
98948  40.557  -66.205  -13.719 0.0000000000
65073  40.487  -65.683  -13.345 0.0000000000
130806  40.893  -65.260  -12.685 0.0000000000
42327  40.855  -64.601  -12.209 0.0000000000
65070  41.017  -65.938  -13.103 0.0000000000
130805  41.360  -66.081  -13.029 0.0000000000
11607  41.253  -65.395  -12.572 0.0000000000
29598  41.481  -66.699  -13.447 0.0000000000
130804  41.867  -66.853  -13.449 0.0000000000
94619  41.730  -66.137  -12.992 0.0000000000
130803  41.960  -67.441  -13.914 0.0000000000
130801  42.345  -67.537  -13.894 0.0000000000
3927  42.258  -66.895  -13.478 0.0000000000
65068  41.531  -67.268  -13.901 0.0000000000
130802  41.836  -68.044  -14.354 0.0000000000
29597  42.286  -68.142  -14.394 0.0000000000
14010  41.323  -67.874  -14.342 0.0000000000
98944  41.295  -68.744  -14.523 0.0000000000
65066  41.819  -68.807  -14.608 0.0000000000
130800  42.747  -68.118  -14.366 0.0000000000
57857  42.791  -67.527  -13.917 0.0000000000
65065  42.384  -68.868  -14.754 0.0000000000
130799  42.840  -68.828  -14.755 0.0000000000
25499  43.129  -68.138  -14.335 0.0000000000
29596  42.264  -69.604  -14.908 0.0000000000
130798  42.771  -69.621  -15.005 0.0000000000
120935  43.264  -68.819  -14.754 0.0000000000
130797  42.147  -70.320  -15.026 0.0000000000
130789  42.674  -70.359  -15.202 0.0000000000
830  43.269  -69.574  -15.108 0.0000000000
65063  41.551  -70.308  -14.787 0.0000000000
130796  41.443  -71.049  -14.868 0.0000000000
29593  42.004  -71.065  -15.187 0.0000000000
130788  42.553  -71.100  -15.345 0.0000000000
48257  43.200  -70.271  -15.324 0.0000000000
120937  43.520  -68.127  -14.340 0.0000000000
120936  43.711  -68.752  -14.748 0.0000000000
115999  38.462  -69.305  -13.571 0.0000000000
831  39.084  -68.814  -13.940 0.0000000000
116001  38.028  -69.217  -13.440 0.0000000000
98956  37.649  -66.331  -15.443 0.0000000000
6106  38.413  -65.868  -15.875 0.0000000000
98958  37.309  -66.129  -15.534 0.0000000000
14016  36.985  -66.755  -14.960 0.0000000000
98955  37.349  -66.888  -14.910 0.0000000000
65082  38.048  -66.421  -15.408 0.0000000000
44735  36.711  -67.374  -14.385 0.0000000000
98954  37.128  -67.467  -14.359 0.0000000000
14014  36.479  -67.986  -13.824 0.0000000000
98952  36.917  -68.090  -13.826 0.0000000000
2752  37.295  -68.246  -13.755 0.0000000000
116006  36.719  -68.748  -13.333 0.0000000000
116007  36.291  -68.649  -13.344 0.0000000000
98950  40.086  -66.846  -14.458 0.0000000000
65074  40.086  -66.107  -14.388 0.0000000000
44732  39.990  -67.526  -14.433 0.0000000000
98949  40.456  -66.891  -14.226 0.0000000000
14011  40.435  -67.634  -14.346 0.0000000000
98947  40.812  -66.891  -13.990 0.0000000000
6103  40.832  -66.345  -13.586 0.0000000000
98946  40.892  -67.736  -14.317 0.0000000000
65067  41.181  -67.045  -13.978 0.0000000000
44730  40.277  -68.420  -14.339 0.0000000000
98945  40.802  -68.580  -14.399 0.0000000000
14009  40.108  -69.200  -14.217 0.0000000000
98943  40.654  -69.361  -14.360 0.0000000000
6102  41.165  -69.481  -14.521 0.0000000000
98942  39.935  -69.913  -14.115 0.0000000000
65060  40.478  -70.103  -14.316 0.0000000000
94630  40.187  -61.105  -11.327 0.0000000000
57874  40.139  -60.273  -11.319 0.0000000000
42332  40.348  -61.940  -11.408 0.0000000000
94629  40.413  -61.128  -11.072 0.0000000000
11612  40.304  -60.306  -11.015 0.0000000000
11611  40.592  -61.992  -11.159 0.0000000000
94627  40.673  -61.183  -10.850 0.0000000000
94628  40.598  -60.308  -10.751 0.0000000000
120960  40.606  -59.396  -10.655 0.0000000000
3931  40.877  -60.277  -10.456 0.0000000000
57873  40.857  -59.511  -10.327 0.0000000000
94626  40.882  -62.090  -11.008 0.0000000000
57867  41.006  -61.172  -10.673 0.0000000000
42330  40.837  -63.013  -11.347 0.0000000000
94625  41.199  -62.964  -11.253 0.0000000000
11610  41.237  -62.067  -10.893 0.0000000000
11609  41.157  -63.815  -11.643 0.0000000000
94623  41.554  -63.824  -11.575 0.0000000000
94624  41.554  -62.945  -11.172 0.0000000000
120950  41.594  -62.025  -10.773 0.0000000000
3929  41.947  -63.765  -11.487 0.0000000000
57866  41.925  -62.853  -11.078 0.0000000000
94622  41.572  -64.675  -12.029 0.0000000000
57860  41.971  -64.636  -11.965 0.0000000000
42328  41.168  -64.723  -12.108 0.0000000000
94621  41.626  -65.484  -12.498 0.0000000000
11608  42.035  -65.472  -12.444 0.0000000000
94620  42.140  -66.225  -12.961 0.0000000000
120940  42.550  -66.199  -12.886 0.0000000000
57859  42.652  -66.884  -13.402 0.0000000000
90788  37.463  -60.525  -17.442 0.0000000000
90790  37.805  -59.634  -17.681 0.0000000000
10059  37.059  -59.919  -17.144 0.0000000000
90786  36.720  -60.824  -16.901 0.0000000000
40412  36.396  -61.684  -16.581 0.0000000000
90784  36.323  -60.358  -16.553 0.0000000000
90785  36.008  -61.250  -16.268 0.0000000000
6107  36.978  -65.162  -16.131 0.0000000000
65091  37.850  -64.680  -16.693 0.0000000000
65089  37.369  -65.350  -16.153 0.0000000000
98959  36.985  -65.991  -15.551 0.0000000000
98960  36.592  -65.826  -15.577 0.0000000000
65086  39.172  -65.313  -15.936 0.0000000000
65084  38.778  -65.934  -15.608 0.0000000000
65079  37.727  -68.395  -13.738 0.0000000000
116002  37.578  -68.999  -13.360 0.0000000000
116003  37.119  -68.883  -13.318 0.0000000000
65076  39.995  -65.340  -14.319 0.0000000000
65071  40.717  -65.718  -13.188 0.0000000000
65069  41.125  -66.511  -13.488 0.0000000000
65064  41.677  -69.582  -14.730 0.0000000000
65062  40.987  -70.219  -14.537 0.0000000000
29595  40.849  -71.002  -14.609 0.0000000000
65061  40.291  -70.837  -14.318 0.0000000000
14008  39.756  -70.663  -14.076 0.0000000000
25519  41.312  -57.293  -18.327 0.0000000000
57891  40.912  -57.954  -18.524 0.0000000000
57876  40.174  -59.455  -11.348 0.0000000000
57877  40.323  -58.593  -11.329 0.0000000000
57875  40.365  -59.498  -11.029 0.0000000000
25510  40.485  -58.672  -10.978 0.0000000000
57869  41.214  -60.291  -10.322 0.0000000000
57868  41.357  -61.158  -10.487 0.0000000000
57864  42.351  -63.622  -11.502 0.0000000000
57865  42.359  -62.777  -11.086 0.0000000000
25505  42.021  -62.029  -10.730 0.0000000000
120948  42.411  -61.953  -10.641 0.0000000000
25503  42.723  -63.491  -11.441 0.0000000000
120947  42.793  -62.708  -10.996 0.0000000000
57862  42.339  -64.496  -11.932 0.0000000000
57863  42.777  -64.395  -11.925 0.0000000000
120944  43.136  -64.242  -11.788 0.0000000000
25502  42.839  -65.302  -12.392 0.0000000000
120943  43.194  -65.119  -12.301 0.0000000000
57861  42.432  -65.376  -12.396 0.0000000000
120941  42.895  -66.104  -12.871 0.0000000000
57858  43.138  -67.508  -13.870 0.0000000000
25501  43.050  -66.811  -13.358 0.0000000000
120938  43.559  -67.378  -13.847 0.0000000000
44734  36.083  -67.847  -13.870 0.0000000000
44736  36.303  -67.175  -14.414 0.0000000000
833  35.719  -67.769  -13.982 0.0000000000
116008  35.886  -68.549  -13.401 0.0000000000
116009  35.466  -68.479  -13.528 0.0000000000
44731  39.793  -68.254  -14.231 0.0000000000
44729  39.606  -69.032  -14.046 0.0000000000
44727  38.943  -69.526  -13.690 0.0000000000
44728  39.428  -69.780  -13.905 0.0000000000
42331  40.554  -62.843  -11.536 0.0000000000
42329  40.820  -63.775  -11.765 0.0000000000
162199  38.154  -58.810  -17.805 0.0000000000
120945  43.106  -63.347  -11.314 0.0000000000
120942  43.369  -65.983  -12.855 0.0000000000
120939  43.473  -66.734  -13.383 0.0000000000
105344  40.278  -55.753  -14.040 0.0000000000
44737  36.626  -66.598  -14.969 0.0000000000
114377  36.652  -59.447  -16.826 0.0000000000
114378  37.406  -59.030  -17.360 0.0000000000
162162  36.295  -65.455  -15.695 0.0000000000
57871  41.156  -59.392  -10.174 0.0000000000
44738  35.987  -67.076  -14.480 0.0000000000
162150  35.098  -68.308  -13.714 0.0000000000
162159  35.330  -67.532  -14.158 0.0000000000
14018  36.272  -66.423  -15.026 0.0000000000
162160  35.662  -66.774  -14.695 0.0000000000
162161  35.983  -66.087  -15.207 0.0000000000
25500  43.952  -68.085  -14.343 0.0000000000
75655  43.967  -67.306  -13.858 0.0000000000
3928  43.889  -66.576  -13.298 0.0000000000
105298  43.701  -65.802  -12.711 0.0000000000
17540  43.591  -64.874  -12.165 0.0000000000
48260  43.540  -64.032  -11.652 0.0000000000
1782  43.502  -63.269  -11.211 0.0000000000
120946  43.145  -62.641  -10.888 0.0000000000
25504  42.806  -61.919  -10.563 0.0000000000
40401  34.977  -67.280  -14.298 0.0000000000
162158  34.716  -68.062  -13.928 0.0000000000
90759  35.303  -66.492  -14.753 0.0000000000
105300  44.091  -65.549  -12.581 0.0000000000
105299  44.234  -66.373  -13.191 0.0000000000
48262  43.922  -63.893  -11.533 0.0000000000
48261  44.002  -64.667  -12.037 0.0000000000
90757  34.362  -67.803  -14.162 0.0000000000
90758  34.644  -67.045  -14.567 0.0000000000
