#!ascii label  , from subject  vox2ras=TkReg
443
53215  -41.022  -67.824  -13.233 0.0000000000
2489  -40.915  -67.475  -12.658 0.0000000000
53213  -40.809  -68.296  -12.909 0.0000000000
53214  -40.942  -68.619  -13.571 0.0000000000
22495  -41.138  -68.196  -13.866 0.0000000000
127875  -41.130  -66.987  -13.007 0.0000000000
161881  -41.220  -67.376  -13.574 0.0000000000
28473  -41.227  -66.509  -13.398 0.0000000000
127874  -40.986  -66.686  -12.467 0.0000000000
127876  -41.086  -66.177  -12.867 0.0000000000
28472  -41.048  -65.849  -12.346 0.0000000000
62814  -41.070  -65.261  -12.719 0.0000000000
127877  -41.152  -65.651  -13.265 0.0000000000
28474  -41.084  -64.704  -13.082 0.0000000000
127878  -41.237  -65.068  -13.661 0.0000000000
90526  -41.324  -65.970  -13.833 0.0000000000
5579  -41.454  -65.449  -14.224 0.0000000000
127880  -41.115  -64.166  -13.421 0.0000000000
127881  -41.379  -64.493  -14.047 0.0000000000
28475  -41.247  -63.618  -13.739 0.0000000000
62817  -41.000  -63.185  -13.101 0.0000000000
127879  -40.916  -63.728  -12.793 0.0000000000
127882  -41.564  -63.918  -14.374 0.0000000000
114220  -41.636  -64.911  -14.610 0.0000000000
22496  -41.947  -64.237  -14.974 0.0000000000
62819  -41.419  -62.985  -14.067 0.0000000000
127883  -41.790  -63.303  -14.679 0.0000000000
28476  -41.607  -62.327  -14.367 0.0000000000
127884  -42.029  -62.597  -14.973 0.0000000000
53216  -42.217  -63.546  -15.283 0.0000000000
2490  -42.466  -62.855  -15.583 0.0000000000
162122  -41.810  -61.540  -14.691 0.0000000000
162123  -42.252  -61.804  -15.347 0.0000000000
90527  -41.371  -66.903  -13.978 0.0000000000
161882  -41.342  -67.775  -14.173 0.0000000000
40309  -41.540  -67.317  -14.510 0.0000000000
161883  -41.475  -68.180  -14.744 0.0000000000
114219  -41.249  -68.644  -14.455 0.0000000000
10024  -41.484  -69.133  -15.013 0.0000000000
161885  -41.739  -67.654  -15.105 0.0000000000
161886  -41.731  -68.609  -15.356 0.0000000000
40310  -41.978  -68.028  -15.687 0.0000000000
90530  -42.018  -67.084  -15.495 0.0000000000
161884  -41.742  -66.749  -14.933 0.0000000000
161887  -41.917  -68.946  -15.971 0.0000000000
90525  -41.615  -69.591  -15.655 0.0000000000
40308  -41.677  -69.952  -16.143 0.0000000000
90532  -42.228  -68.356  -16.264 0.0000000000
161888  -41.925  -69.354  -16.415 0.0000000000
40311  -42.323  -68.734  -16.750 0.0000000000
161889  -41.862  -69.651  -16.898 0.0000000000
161880  -41.578  -70.312  -16.618 0.0000000000
161890  -42.129  -68.966  -17.170 0.0000000000
2000  -41.341  -70.477  -16.954 0.0000000000
49643  -41.600  -69.794  -17.199 0.0000000000
18923  -41.809  -69.140  -17.434 0.0000000000
90534  -42.610  -68.009  -17.046 0.0000000000
161891  -42.319  -68.249  -17.440 0.0000000000
40312  -42.843  -67.264  -17.331 0.0000000000
161892  -42.562  -67.448  -17.723 0.0000000000
107789  -41.983  -68.414  -17.682 0.0000000000
8582  -42.124  -67.617  -17.946 0.0000000000
161894  -43.044  -66.582  -17.637 0.0000000000
161895  -42.765  -66.668  -18.007 0.0000000000
40313  -43.246  -65.866  -17.987 0.0000000000
90537  -43.436  -65.646  -17.592 0.0000000000
161893  -43.192  -66.379  -17.246 0.0000000000
40389  -41.968  -60.817  -15.171 0.0000000000
90727  -41.481  -60.672  -14.530 0.0000000000
162121  -41.413  -61.331  -14.082 0.0000000000
162131  -42.411  -61.077  -15.799 0.0000000000
162132  -42.731  -62.002  -15.981 0.0000000000
40392  -42.892  -61.292  -16.424 0.0000000000
90735  -42.499  -60.402  -16.308 0.0000000000
162130  -41.988  -60.166  -15.639 0.0000000000
162133  -43.218  -62.273  -16.576 0.0000000000
53220  -42.962  -63.138  -16.175 0.0000000000
40388  -41.090  -60.378  -13.948 0.0000000000
162120  -41.087  -61.081  -13.479 0.0000000000
62820  -41.273  -62.022  -13.709 0.0000000000
162119  -40.814  -60.053  -13.316 0.0000000000
162117  -40.831  -60.683  -12.870 0.0000000000
5580  -41.013  -61.684  -13.077 0.0000000000
90725  -40.768  -59.431  -13.769 0.0000000000
162118  -40.489  -59.131  -13.125 0.0000000000
40387  -40.575  -59.701  -12.656 0.0000000000
162116  -40.610  -60.306  -12.195 0.0000000000
97596  -40.806  -61.278  -12.458 0.0000000000
22499  -43.348  -65.365  -17.087 0.0000000000
114225  -43.043  -66.080  -16.746 0.0000000000
90535  -42.888  -67.114  -16.893 0.0000000000
22497  -42.005  -66.119  -15.347 0.0000000000
114221  -41.693  -65.763  -14.776 0.0000000000
90528  -41.516  -66.357  -14.403 0.0000000000
161879  -41.382  -70.861  -16.356 0.0000000000
122876  -41.093  -71.119  -16.704 0.0000000000
90524  -41.478  -70.523  -15.903 0.0000000000
161878  -41.202  -71.444  -16.090 0.0000000000
26330  -40.863  -71.731  -16.459 0.0000000000
13259  -40.853  -62.715  -12.521 0.0000000000
97593  -40.800  -63.201  -12.196 0.0000000000
62815  -40.874  -64.195  -12.484 0.0000000000
127873  -40.807  -66.447  -11.956 0.0000000000
53209  -40.715  -67.242  -12.085 0.0000000000
62812  -40.816  -65.419  -11.762 0.0000000000
127872  -40.590  -66.044  -11.448 0.0000000000
22489  -40.523  -67.036  -11.616 0.0000000000
28471  -40.499  -64.954  -11.210 0.0000000000
127871  -40.260  -65.634  -10.960 0.0000000000
114207  -40.286  -66.691  -11.198 0.0000000000
127870  -40.151  -64.584  -10.642 0.0000000000
127868  -39.904  -65.221  -10.402 0.0000000000
5577  -39.997  -66.273  -10.717 0.0000000000
62810  -40.381  -63.952  -10.898 0.0000000000
127869  -40.077  -63.548  -10.286 0.0000000000
28470  -39.839  -64.179  -10.061 0.0000000000
13257  -40.262  -62.915  -10.566 0.0000000000
97589  -40.062  -62.596  -9.991 0.0000000000
62808  -39.853  -63.167  -9.718 0.0000000000
127867  -39.617  -64.805  -9.845 0.0000000000
90504  -39.676  -65.833  -10.194 0.0000000000
62807  -39.632  -63.782  -9.479 0.0000000000
127866  -39.422  -64.410  -9.262 0.0000000000
28469  -39.428  -65.439  -9.656 0.0000000000
28468  -39.502  -63.398  -8.891 0.0000000000
127864  -39.352  -63.989  -8.707 0.0000000000
127865  -39.258  -65.034  -9.084 0.0000000000
161854  -39.269  -66.047  -9.467 0.0000000000
1379  -39.227  -64.539  -8.497 0.0000000000
53208  -39.166  -65.569  -8.887 0.0000000000
137067  -39.340  -63.529  -8.108 0.0000000000
137068  -39.458  -62.988  -8.297 0.0000000000
122875  -40.352  -72.084  -16.659 0.0000000000
49639  -40.614  -71.432  -16.920 0.0000000000
114224  -42.703  -65.760  -16.248 0.0000000000
10025  -42.701  -66.786  -16.434 0.0000000000
114226  -43.108  -65.034  -16.598 0.0000000000
22498  -42.762  -64.713  -16.065 0.0000000000
114223  -42.334  -65.454  -15.728 0.0000000000
90529  -42.317  -66.456  -15.885 0.0000000000
53217  -42.335  -64.466  -15.497 0.0000000000
114222  -41.987  -65.127  -15.138 0.0000000000
114218  -41.112  -69.154  -14.150 0.0000000000
90521  -41.262  -69.630  -14.686 0.0000000000
114217  -40.957  -69.665  -13.802 0.0000000000
22494  -41.096  -70.115  -14.408 0.0000000000
22493  -40.801  -69.147  -13.239 0.0000000000
114215  -40.781  -70.130  -13.436 0.0000000000
114216  -40.954  -70.679  -14.043 0.0000000000
161875  -41.070  -71.156  -14.651 0.0000000000
10023  -40.784  -71.199  -13.669 0.0000000000
90520  -40.936  -71.585  -14.232 0.0000000000
114214  -40.592  -69.731  -12.926 0.0000000000
90514  -40.613  -70.709  -13.118 0.0000000000
53212  -40.584  -68.830  -12.615 0.0000000000
114213  -40.336  -69.415  -12.378 0.0000000000
22492  -40.384  -70.318  -12.611 0.0000000000
22491  -40.340  -68.573  -12.089 0.0000000000
114211  -40.096  -69.173  -11.853 0.0000000000
114212  -40.128  -69.998  -12.115 0.0000000000
161866  -40.208  -70.915  -12.289 0.0000000000
10022  -39.888  -69.792  -11.612 0.0000000000
90513  -39.984  -70.661  -11.818 0.0000000000
114210  -40.113  -68.372  -11.570 0.0000000000
90507  -39.855  -69.001  -11.375 0.0000000000
53210  -40.405  -67.792  -11.800 0.0000000000
114209  -40.208  -67.619  -11.336 0.0000000000
22490  -39.915  -68.246  -11.121 0.0000000000
114208  -39.997  -67.311  -10.941 0.0000000000
161857  -39.749  -67.914  -10.711 0.0000000000
90506  -39.733  -66.929  -10.468 0.0000000000
107788  -41.257  -69.391  -17.530 0.0000000000
79804  -41.403  -68.674  -17.749 0.0000000000
49642  -41.113  -70.057  -17.335 0.0000000000
107787  -40.476  -70.379  -17.329 0.0000000000
18922  -40.653  -69.671  -17.470 0.0000000000
13260  -40.577  -60.896  -11.845 0.0000000000
97595  -40.751  -61.739  -12.161 0.0000000000
62816  -40.926  -62.192  -12.786 0.0000000000
43979  -40.544  -61.375  -11.557 0.0000000000
97594  -40.707  -62.269  -11.868 0.0000000000
13258  -40.493  -61.856  -11.280 0.0000000000
97592  -40.641  -62.783  -11.536 0.0000000000
5578  -40.770  -63.718  -11.845 0.0000000000
97591  -40.409  -62.349  -10.906 0.0000000000
62809  -40.538  -63.307  -11.205 0.0000000000
43977  -40.310  -61.502  -10.609 0.0000000000
97590  -40.202  -62.044  -10.299 0.0000000000
90726  -41.081  -59.764  -14.399 0.0000000000
90728  -41.503  -59.979  -15.036 0.0000000000
90533  -42.557  -67.803  -16.562 0.0000000000
90531  -42.340  -67.435  -16.075 0.0000000000
90523  -41.464  -70.085  -15.381 0.0000000000
40307  -41.314  -71.063  -15.673 0.0000000000
90522  -41.268  -70.619  -15.037 0.0000000000
161876  -41.145  -71.571  -15.307 0.0000000000
90518  -40.730  -72.100  -13.851 0.0000000000
90519  -40.710  -72.583  -14.435 0.0000000000
40306  -40.943  -72.080  -14.886 0.0000000000
161873  -40.565  -72.975  -15.058 0.0000000000
40305  -40.461  -73.037  -14.041 0.0000000000
161872  -40.356  -73.403  -14.642 0.0000000000
90516  -40.571  -71.671  -13.295 0.0000000000
90517  -40.491  -72.619  -13.478 0.0000000000
161870  -40.250  -73.448  -13.676 0.0000000000
40304  -40.387  -72.205  -12.970 0.0000000000
161869  -40.250  -73.069  -13.114 0.0000000000
90515  -40.437  -71.286  -12.775 0.0000000000
161867  -40.265  -71.854  -12.452 0.0000000000
90511  -39.747  -70.440  -11.343 0.0000000000
90512  -39.895  -71.337  -11.524 0.0000000000
40303  -40.072  -71.600  -11.990 0.0000000000
161864  -39.957  -72.227  -11.735 0.0000000000
40302  -39.696  -71.095  -11.093 0.0000000000
161863  -39.851  -71.996  -11.264 0.0000000000
90509  -39.704  -69.613  -11.162 0.0000000000
90510  -39.645  -70.261  -10.924 0.0000000000
161861  -39.649  -70.910  -10.676 0.0000000000
40301  -39.528  -69.477  -10.707 0.0000000000
161860  -39.498  -70.070  -10.494 0.0000000000
90508  -39.685  -68.863  -10.912 0.0000000000
161858  -39.542  -68.548  -10.498 0.0000000000
90505  -39.486  -66.515  -9.983 0.0000000000
40300  -39.546  -67.595  -10.267 0.0000000000
161855  -39.354  -67.160  -9.769 0.0000000000
62818  -41.113  -62.594  -13.402 0.0000000000
62813  -40.923  -64.803  -12.114 0.0000000000
62811  -40.691  -64.296  -11.506 0.0000000000
53218  -42.706  -63.805  -15.841 0.0000000000
53219  -43.131  -64.007  -16.407 0.0000000000
22500  -43.432  -63.311  -16.746 0.0000000000
114227  -43.485  -64.301  -16.912 0.0000000000
53211  -40.611  -67.990  -12.348 0.0000000000
53206  -39.142  -65.065  -8.280 0.0000000000
53207  -39.119  -66.138  -8.693 0.0000000000
22488  -39.204  -66.668  -9.258 0.0000000000
114205  -39.199  -67.273  -9.070 0.0000000000
22486  -39.095  -65.586  -8.113 0.0000000000
114204  -39.133  -66.741  -8.510 0.0000000000
137057  -39.160  -64.608  -7.725 0.0000000000
137058  -39.202  -64.084  -7.923 0.0000000000
49641  -40.888  -70.734  -17.140 0.0000000000
18921  -40.280  -71.055  -17.173 0.0000000000
161877  -41.019  -71.997  -15.800 0.0000000000
161874  -40.824  -72.497  -15.464 0.0000000000
161871  -40.185  -73.790  -14.233 0.0000000000
161868  -40.177  -72.740  -12.648 0.0000000000
161865  -40.098  -72.443  -12.190 0.0000000000
161862  -39.727  -71.750  -10.865 0.0000000000
161859  -39.474  -69.170  -10.271 0.0000000000
161856  -39.437  -68.231  -10.042 0.0000000000
90536  -43.617  -64.600  -17.405 0.0000000000
114206  -39.273  -67.765  -9.555 0.0000000000
114202  -39.126  -66.186  -7.960 0.0000000000
137056  -39.169  -65.118  -7.580 0.0000000000
43978  -40.378  -60.990  -10.932 0.0000000000
114203  -39.205  -67.372  -8.368 0.0000000000
22487  -39.242  -67.856  -8.901 0.0000000000
90499  -39.297  -68.357  -9.383 0.0000000000
10021  -39.391  -68.834  -9.820 0.0000000000
114228  -43.719  -63.540  -17.247 0.0000000000
90503  -39.472  -69.775  -10.062 0.0000000000
40299  -39.549  -70.677  -10.272 0.0000000000
161853  -39.704  -71.512  -10.457 0.0000000000
2488  -39.826  -72.387  -10.674 0.0000000000
53205  -39.864  -72.633  -11.076 0.0000000000
22485  -39.875  -72.827  -11.514 0.0000000000
114201  -39.961  -73.046  -11.915 0.0000000000
10020  -39.995  -73.272  -12.357 0.0000000000
90495  -40.065  -73.550  -12.804 0.0000000000
40296  -40.062  -73.860  -13.363 0.0000000000
161844  -40.025  -74.157  -13.873 0.0000000000
161852  -39.667  -71.249  -10.086 0.0000000000
127863  -39.830  -72.080  -10.300 0.0000000000
90502  -39.535  -70.365  -9.868 0.0000000000
161851  -39.688  -70.929  -9.700 0.0000000000
28467  -39.847  -71.779  -9.937 0.0000000000
40298  -39.531  -69.923  -9.439 0.0000000000
161850  -39.688  -70.448  -9.284 0.0000000000
62805  -39.904  -71.409  -9.547 0.0000000000
161849  -39.484  -69.426  -9.005 0.0000000000
161847  -39.688  -69.984  -8.913 0.0000000000
5575  -39.898  -70.944  -9.158 0.0000000000
90500  -39.365  -68.911  -9.192 0.0000000000
161848  -39.343  -68.429  -8.745 0.0000000000
40297  -39.532  -68.992  -8.612 0.0000000000
90498  -39.341  -67.940  -8.240 0.0000000000
161846  -39.733  -69.511  -8.476 0.0000000000
97587  -39.924  -70.479  -8.779 0.0000000000
127862  -40.007  -72.621  -10.181 0.0000000000
53201  -39.974  -72.964  -10.547 0.0000000000
62804  -40.076  -72.273  -9.812 0.0000000000
127861  -40.237  -73.130  -10.113 0.0000000000
22481  -40.183  -73.484  -10.480 0.0000000000
28466  -40.376  -72.732  -9.743 0.0000000000
127860  -40.567  -73.601  -10.049 0.0000000000
114193  -40.447  -73.968  -10.439 0.0000000000
127859  -40.722  -73.157  -9.700 0.0000000000
127857  -40.950  -73.990  -9.993 0.0000000000
5574  -40.780  -74.416  -10.375 0.0000000000
7089  -39.198  -66.792  -7.831 0.0000000000
114200  -39.907  -73.651  -11.733 0.0000000000
90491  -39.908  -73.858  -12.158 0.0000000000
53204  -39.916  -73.516  -11.355 0.0000000000
114199  -39.938  -74.261  -11.646 0.0000000000
22484  -39.903  -74.420  -12.042 0.0000000000
22483  -40.034  -74.110  -11.276 0.0000000000
114197  -40.101  -74.856  -11.612 0.0000000000
114198  -39.990  -74.988  -11.977 0.0000000000
161839  -39.912  -75.181  -12.349 0.0000000000
10019  -40.185  -75.567  -11.979 0.0000000000
90490  -40.071  -75.721  -12.360 0.0000000000
114196  -40.218  -74.633  -11.237 0.0000000000
90484  -40.356  -75.367  -11.611 0.0000000000
53202  -40.085  -73.825  -10.855 0.0000000000
114195  -40.332  -74.290  -10.838 0.0000000000
22482  -40.483  -75.049  -11.230 0.0000000000
114194  -40.651  -74.726  -10.797 0.0000000000
161830  -40.855  -75.471  -11.180 0.0000000000
90483  -41.031  -75.137  -10.745 0.0000000000
90501  -39.422  -69.407  -9.629 0.0000000000
90496  -39.318  -67.337  -7.708 0.0000000000
90497  -39.516  -68.480  -8.116 0.0000000000
90493  -39.917  -74.070  -12.591 0.0000000000
90494  -39.884  -74.310  -13.107 0.0000000000
161843  -39.864  -74.584  -13.607 0.0000000000
40295  -39.793  -74.838  -12.905 0.0000000000
161842  -39.739  -75.055  -13.379 0.0000000000
90492  -39.833  -74.614  -12.449 0.0000000000
161840  -39.819  -75.378  -12.774 0.0000000000
90488  -40.310  -76.265  -12.414 0.0000000000
90489  -40.145  -76.479  -12.768 0.0000000000
40294  -39.952  -75.908  -12.717 0.0000000000
161837  -39.934  -76.627  -13.096 0.0000000000
40293  -40.430  -76.999  -12.830 0.0000000000
161836  -40.195  -77.185  -13.136 0.0000000000
90486  -40.509  -76.091  -12.023 0.0000000000
90487  -40.653  -76.780  -12.467 0.0000000000
161834  -40.755  -77.489  -12.898 0.0000000000
40292  -40.854  -76.559  -12.073 0.0000000000
161833  -41.009  -77.251  -12.534 0.0000000000
90485  -40.675  -75.828  -11.629 0.0000000000
161831  -41.024  -76.224  -11.618 0.0000000000
90481  -41.180  -74.755  -10.330 0.0000000000
90482  -41.437  -75.454  -10.711 0.0000000000
40291  -41.257  -75.853  -11.144 0.0000000000
161828  -41.690  -76.188  -11.119 0.0000000000
28464  -41.593  -75.027  -10.289 0.0000000000
161827  -41.870  -75.690  -10.679 0.0000000000
127856  -41.381  -74.271  -9.953 0.0000000000
62803  -40.155  -71.846  -9.421 0.0000000000
62801  -40.193  -71.351  -9.041 0.0000000000
62802  -40.461  -72.284  -9.362 0.0000000000
53203  -39.940  -73.248  -10.937 0.0000000000
161841  -39.684  -75.564  -13.178 0.0000000000
161838  -39.761  -76.085  -13.108 0.0000000000
161835  -40.440  -77.702  -13.215 0.0000000000
161832  -41.216  -76.970  -12.113 0.0000000000
161829  -41.453  -76.588  -11.577 0.0000000000
22480  -42.131  -76.424  -11.055 0.0000000000
114192  -41.887  -76.905  -11.520 0.0000000000
10018  -41.609  -77.283  -12.045 0.0000000000
90480  -41.358  -77.654  -12.544 0.0000000000
40290  -41.079  -77.927  -12.950 0.0000000000
161826  -40.720  -78.161  -13.279 0.0000000000
983  -40.214  -78.414  -13.515 0.0000000000
45188  -40.028  -77.896  -13.425 0.0000000000
14468  -39.824  -77.373  -13.383 0.0000000000
99770  -39.631  -76.831  -13.388 0.0000000000
6377  -39.565  -76.260  -13.464 0.0000000000
161825  -41.017  -78.584  -13.325 0.0000000000
116639  -40.476  -78.859  -13.569 0.0000000000
90479  -41.410  -78.314  -12.944 0.0000000000
161824  -41.334  -78.977  -13.325 0.0000000000
23657  -40.763  -79.272  -13.584 0.0000000000
40289  -41.762  -78.658  -12.954 0.0000000000
161823  -41.683  -79.316  -13.349 0.0000000000
54788  -41.077  -79.665  -13.581 0.0000000000
161822  -42.143  -78.941  -12.975 0.0000000000
161820  -42.046  -79.638  -13.345 0.0000000000
2903  -41.415  -80.045  -13.607 0.0000000000
116638  -40.152  -79.677  -13.714 0.0000000000
45184  -39.913  -79.200  -13.678 0.0000000000
54787  -40.429  -80.113  -13.732 0.0000000000
116637  -39.764  -80.505  -13.854 0.0000000000
14464  -39.563  -80.020  -13.800 0.0000000000
23656  -39.992  -80.945  -13.923 0.0000000000
116636  -39.251  -81.249  -14.146 0.0000000000
99762  -39.107  -80.758  -14.026 0.0000000000
116635  -39.429  -81.770  -14.248 0.0000000000
116633  -38.628  -81.981  -14.537 0.0000000000
2902  -38.502  -81.447  -14.408 0.0000000000
54785  -40.241  -81.356  -14.009 0.0000000000
116634  -39.593  -82.318  -14.387 0.0000000000
23655  -38.766  -82.553  -14.646 0.0000000000
10582  -40.459  -81.826  -14.080 0.0000000000
92774  -39.768  -82.852  -14.500 0.0000000000
54783  -38.886  -83.168  -14.758 0.0000000000
114191  -42.308  -77.175  -11.457 0.0000000000
90476  -42.021  -77.609  -11.991 0.0000000000
99769  -39.412  -77.677  -13.566 0.0000000000
66439  -39.319  -77.127  -13.645 0.0000000000
45187  -39.547  -78.213  -13.539 0.0000000000
99768  -39.045  -78.446  -13.702 0.0000000000
14467  -38.959  -77.898  -13.755 0.0000000000
14466  -39.183  -78.952  -13.723 0.0000000000
99766  -38.630  -79.197  -13.849 0.0000000000
99767  -38.534  -78.639  -13.841 0.0000000000
132540  -38.473  -78.102  -13.867 0.0000000000
6376  -38.050  -79.417  -13.935 0.0000000000
66438  -37.979  -78.863  -13.868 0.0000000000
99765  -38.771  -79.739  -13.897 0.0000000000
66432  -38.153  -79.944  -14.042 0.0000000000
45185  -39.351  -79.468  -13.772 0.0000000000
99764  -38.950  -80.252  -13.940 0.0000000000
14465  -38.271  -80.459  -14.137 0.0000000000
99763  -38.406  -80.949  -14.235 0.0000000000
132531  -37.606  -81.171  -14.420 0.0000000000
66431  -37.739  -81.675  -14.551 0.0000000000
92773  -39.931  -83.334  -14.503 0.0000000000
2901  -39.033  -83.714  -14.831 0.0000000000
92775  -40.635  -82.320  -14.101 0.0000000000
90478  -41.705  -77.983  -12.499 0.0000000000
90477  -42.123  -78.297  -12.467 0.0000000000
22479  -42.470  -77.877  -11.930 0.0000000000
66436  -37.404  -79.632  -14.019 0.0000000000
66437  -37.308  -79.119  -13.872 0.0000000000
30237  -37.916  -78.350  -13.879 0.0000000000
132538  -37.259  -78.609  -13.832 0.0000000000
30236  -36.742  -79.943  -14.071 0.0000000000
132537  -36.665  -79.445  -13.847 0.0000000000
66434  -37.487  -80.140  -14.190 0.0000000000
66435  -36.808  -80.429  -14.308 0.0000000000
66433  -37.556  -80.655  -14.349 0.0000000000
30235  -36.833  -80.897  -14.538 0.0000000000
54786  -40.725  -80.487  -13.784 0.0000000000
54784  -41.016  -80.870  -13.809 0.0000000000
92776  -41.282  -81.295  -13.786 0.0000000000
92777  -41.734  -80.388  -13.575 0.0000000000
45186  -39.708  -78.703  -13.621 0.0000000000
66440  -38.892  -77.377  -13.834 0.0000000000
66429  -37.857  -82.196  -14.721 0.0000000000
132541  -38.434  -77.639  -13.944 0.0000000000
