#!ascii label  , from subject  vox2ras=TkReg
123
22578  -40.883  -45.183  -16.452 0.0000000000
53297  -41.224  -44.835  -16.138 0.0000000000
114367  -40.847  -45.889  -16.191 0.0000000000
114368  -40.508  -46.213  -16.491 0.0000000000
53298  -41.320  -44.224  -16.468 0.0000000000
162178  -40.961  -44.522  -16.776 0.0000000000
162179  -40.546  -45.533  -16.777 0.0000000000
53296  -41.690  -43.887  -16.199 0.0000000000
22576  -41.595  -44.506  -15.836 0.0000000000
114366  -41.158  -45.467  -15.852 0.0000000000
1389  -41.840  -43.337  -16.596 0.0000000000
127991  -41.440  -43.636  -16.851 0.0000000000
114364  -41.494  -45.156  -15.527 0.0000000000
114365  -41.096  -46.175  -15.632 0.0000000000
22577  -40.841  -46.615  -15.978 0.0000000000
90769  -40.551  -46.907  -16.329 0.0000000000
10057  -40.303  -47.236  -16.712 0.0000000000
162180  -40.221  -46.590  -16.863 0.0000000000
28523  -41.042  -43.916  -17.125 0.0000000000
127990  -41.992  -42.830  -16.975 0.0000000000
127992  -41.551  -43.065  -17.224 0.0000000000
28522  -42.160  -42.420  -17.336 0.0000000000
62897  -41.655  -42.552  -17.602 0.0000000000
127993  -41.129  -43.350  -17.486 0.0000000000
28524  -41.226  -42.786  -17.908 0.0000000000
127994  -40.754  -43.646  -17.729 0.0000000000
90774  -40.658  -44.233  -17.384 0.0000000000
5607  -40.297  -44.504  -17.743 0.0000000000
127996  -40.821  -43.051  -18.127 0.0000000000
127997  -40.361  -43.909  -18.052 0.0000000000
28525  -40.440  -43.302  -18.452 0.0000000000
127998  -40.021  -44.307  -18.385 0.0000000000
114369  -39.934  -44.961  -18.018 0.0000000000
90775  -40.586  -44.874  -17.067 0.0000000000
40408  -40.181  -45.924  -17.062 0.0000000000
137181  -42.451  -42.661  -16.774 0.0000000000
137182  -42.588  -42.229  -17.206 0.0000000000
162172  -40.866  -47.200  -15.823 0.0000000000
7107  -41.394  -45.813  -15.282 0.0000000000
90768  -41.048  -46.870  -15.427 0.0000000000
137169  -41.923  -44.847  -15.265 0.0000000000
137170  -42.046  -44.284  -15.609 0.0000000000
90776  -40.246  -45.181  -17.428 0.0000000000
90771  -40.446  -47.910  -16.585 0.0000000000
90770  -40.646  -47.569  -16.220 0.0000000000
90766  -41.340  -46.467  -15.098 0.0000000000
90767  -41.054  -47.529  -15.288 0.0000000000
40405  -40.925  -47.899  -15.734 0.0000000000
162170  -41.017  -48.566  -15.716 0.0000000000
31941  -41.290  -47.149  -14.926 0.0000000000
162169  -41.114  -48.230  -15.261 0.0000000000
137165  -41.661  -46.133  -14.752 0.0000000000
137166  -41.785  -45.454  -14.992 0.0000000000
62896  -42.247  -41.964  -17.824 0.0000000000
62898  -41.740  -42.067  -18.010 0.0000000000
137171  -42.150  -43.718  -15.990 0.0000000000
137172  -42.291  -43.206  -16.354 0.0000000000
162171  -40.915  -48.941  -16.152 0.0000000000
162173  -40.777  -48.275  -16.163 0.0000000000
137163  -41.252  -47.867  -14.817 0.0000000000
137164  -41.571  -46.788  -14.536 0.0000000000
137183  -42.702  -41.789  -17.682 0.0000000000
114370  -39.900  -45.657  -17.695 0.0000000000
40406  -40.612  -48.631  -16.582 0.0000000000
162181  -39.912  -46.350  -17.409 0.0000000000
137162  -41.509  -47.529  -14.421 0.0000000000
621  -41.264  -48.560  -14.853 0.0000000000
44005  -41.185  -48.941  -15.283 0.0000000000
31942  -42.173  -45.196  -14.742 0.0000000000
137168  -42.344  -44.609  -15.049 0.0000000000
31943  -42.492  -44.037  -15.407 0.0000000000
70094  -42.650  -43.490  -15.765 0.0000000000
13285  -41.109  -49.252  -15.751 0.0000000000
97641  -41.044  -49.614  -16.210 0.0000000000
5605  -41.023  -49.929  -16.686 0.0000000000
162174  -40.803  -49.282  -16.620 0.0000000000
97640  -41.166  -50.271  -16.304 0.0000000000
62891  -41.150  -50.652  -16.843 0.0000000000
44004  -41.170  -49.975  -15.820 0.0000000000
97639  -41.250  -50.946  -16.423 0.0000000000
13284  -41.259  -51.331  -16.960 0.0000000000
13283  -41.230  -50.684  -15.919 0.0000000000
97637  -41.262  -51.667  -16.457 0.0000000000
97638  -41.383  -52.017  -17.013 0.0000000000
127984  -41.471  -52.401  -17.579 0.0000000000
5603  -41.440  -52.788  -17.020 0.0000000000
62890  -41.611  -53.119  -17.615 0.0000000000
97636  -41.268  -51.492  -15.949 0.0000000000
62884  -41.252  -52.562  -16.418 0.0000000000
44002  -41.249  -50.504  -15.425 0.0000000000
97635  -41.204  -51.338  -15.392 0.0000000000
13282  -41.193  -52.360  -15.837 0.0000000000
13281  -41.266  -50.256  -14.922 0.0000000000
97633  -41.186  -51.132  -14.857 0.0000000000
97634  -41.080  -52.187  -15.257 0.0000000000
127974  -41.089  -53.276  -15.674 0.0000000000
5601  -41.015  -52.002  -14.658 0.0000000000
62883  -40.930  -53.016  -15.103 0.0000000000
97632  -41.410  -50.042  -14.351 0.0000000000
62877  -41.256  -50.905  -14.220 0.0000000000
62893  -41.129  -51.016  -17.327 0.0000000000
62892  -41.269  -51.659  -17.474 0.0000000000
62886  -41.475  -53.653  -16.922 0.0000000000
62885  -41.255  -53.429  -16.306 0.0000000000
62881  -40.786  -52.819  -14.410 0.0000000000
62882  -40.827  -53.824  -14.783 0.0000000000
28515  -41.023  -54.065  -15.449 0.0000000000
127972  -40.969  -54.865  -15.221 0.0000000000
28513  -40.659  -53.556  -14.164 0.0000000000
127971  -40.733  -54.600  -14.533 0.0000000000
44003  -41.231  -49.676  -15.327 0.0000000000
44001  -41.300  -49.425  -14.886 0.0000000000
43999  -41.463  -48.342  -14.375 0.0000000000
44000  -41.444  -49.180  -14.343 0.0000000000
127973  -41.173  -55.074  -15.878 0.0000000000
127975  -41.206  -54.295  -16.121 0.0000000000
62888  -41.722  -53.804  -17.586 0.0000000000
28516  -41.473  -54.471  -16.758 0.0000000000
62887  -41.751  -54.635  -17.355 0.0000000000
127969  -40.566  -54.368  -13.881 0.0000000000
127970  -40.644  -55.422  -14.242 0.0000000000
28514  -40.860  -55.689  -14.934 0.0000000000
90729  -41.120  -55.833  -15.612 0.0000000000
