#!ascii label  , from subject  vox2ras=TkReg
211
114315  -44.590  -53.314  -9.400 0.0000000000
114317  -43.853  -53.738  -8.925 0.0000000000
22549  -43.903  -53.218  -9.366 0.0000000000
5597  -45.276  -53.441  -9.528 0.0000000000
114316  -44.542  -53.794  -8.940 0.0000000000
127955  -45.347  -52.986  -9.999 0.0000000000
127956  -44.681  -52.859  -9.856 0.0000000000
162073  -44.507  -54.282  -8.510 0.0000000000
22550  -43.788  -54.211  -8.473 0.0000000000
90686  -45.263  -53.913  -9.059 0.0000000000
53270  -43.178  -53.702  -8.973 0.0000000000
114318  -43.128  -54.220  -8.549 0.0000000000
22551  -42.447  -54.283  -8.683 0.0000000000
114319  -42.416  -54.829  -8.297 0.0000000000
90687  -43.075  -54.763  -8.166 0.0000000000
114321  -41.755  -54.929  -8.553 0.0000000000
10046  -42.390  -55.345  -7.917 0.0000000000
114320  -41.716  -55.469  -8.163 0.0000000000
162082  -41.116  -56.218  -8.148 0.0000000000
22552  -41.156  -55.688  -8.522 0.0000000000
90693  -41.675  -56.000  -7.774 0.0000000000
53272  -41.838  -54.367  -8.966 0.0000000000
114322  -41.202  -55.132  -8.930 0.0000000000
22553  -41.309  -54.557  -9.355 0.0000000000
114323  -40.796  -55.360  -9.415 0.0000000000
90694  -40.746  -55.932  -9.001 0.0000000000
10047  -40.416  -56.239  -9.532 0.0000000000
162107  -40.871  -54.779  -9.830 0.0000000000
162108  -40.450  -55.684  -9.912 0.0000000000
28507  -45.434  -52.572  -10.453 0.0000000000
127954  -45.995  -52.731  -10.645 0.0000000000
127952  -45.927  -53.153  -10.183 0.0000000000
62872  -44.796  -52.427  -10.293 0.0000000000
127957  -44.032  -52.764  -9.821 0.0000000000
28508  -44.174  -52.318  -10.247 0.0000000000
127958  -43.373  -52.735  -9.866 0.0000000000
53269  -43.264  -53.194  -9.404 0.0000000000
2497  -42.604  -53.221  -9.537 0.0000000000
162095  -43.542  -52.239  -10.316 0.0000000000
162096  -42.739  -52.734  -10.001 0.0000000000
40372  -45.303  -54.437  -8.687 0.0000000000
90688  -43.788  -54.737  -8.093 0.0000000000
162074  -44.515  -54.786  -8.137 0.0000000000
40373  -43.788  -55.307  -7.711 0.0000000000
162075  -44.509  -55.326  -7.800 0.0000000000
162072  -45.238  -54.923  -8.313 0.0000000000
162076  -43.708  -55.837  -7.351 0.0000000000
10045  -45.214  -55.444  -7.965 0.0000000000
90683  -44.450  -55.877  -7.438 0.0000000000
40375  -41.058  -56.755  -7.777 0.0000000000
90695  -40.708  -56.480  -8.618 0.0000000000
162083  -40.681  -57.031  -8.227 0.0000000000
40376  -40.353  -57.389  -8.781 0.0000000000
162084  -40.320  -57.981  -8.400 0.0000000000
162081  -40.622  -57.626  -7.844 0.0000000000
40380  -42.879  -52.214  -10.448 0.0000000000
90705  -43.683  -51.743  -10.767 0.0000000000
162094  -44.330  -51.837  -10.720 0.0000000000
162104  -42.164  -52.773  -10.235 0.0000000000
162105  -42.000  -53.310  -9.789 0.0000000000
40383  -41.501  -53.448  -10.126 0.0000000000
90713  -41.654  -52.876  -10.551 0.0000000000
162103  -42.313  -52.205  -10.632 0.0000000000
162106  -41.394  -53.997  -9.748 0.0000000000
53273  -41.904  -53.836  -9.380 0.0000000000
90715  -40.963  -54.202  -10.204 0.0000000000
40384  -40.486  -55.089  -10.319 0.0000000000
40382  -41.815  -52.214  -10.951 0.0000000000
162102  -42.518  -51.638  -11.035 0.0000000000
90706  -43.086  -51.668  -10.882 0.0000000000
162101  -41.999  -51.609  -11.301 0.0000000000
162099  -42.815  -50.989  -11.380 0.0000000000
10048  -43.348  -51.059  -11.301 0.0000000000
90711  -41.355  -52.352  -11.306 0.0000000000
162100  -41.578  -51.682  -11.650 0.0000000000
40381  -42.283  -50.958  -11.604 0.0000000000
22558  -40.972  -52.509  -11.809 0.0000000000
114330  -41.240  -51.856  -12.114 0.0000000000
90709  -41.866  -51.027  -11.954 0.0000000000
162098  -43.119  -50.292  -11.705 0.0000000000
114328  -43.644  -50.397  -11.606 0.0000000000
90708  -42.604  -50.261  -11.907 0.0000000000
162097  -43.424  -49.509  -11.980 0.0000000000
22556  -43.981  -49.691  -11.870 0.0000000000
28510  -42.914  -49.459  -12.186 0.0000000000
127960  -43.683  -48.755  -12.228 0.0000000000
53276  -44.233  -48.914  -12.171 0.0000000000
40379  -44.534  -51.306  -11.249 0.0000000000
162093  -45.108  -51.520  -11.289 0.0000000000
62873  -44.948  -51.981  -10.786 0.0000000000
162092  -45.270  -50.987  -11.753 0.0000000000
162090  -45.792  -51.215  -11.981 0.0000000000
5598  -45.692  -51.719  -11.449 0.0000000000
90703  -44.718  -50.737  -11.651 0.0000000000
162091  -45.500  -50.322  -12.203 0.0000000000
40378  -46.000  -50.645  -12.419 0.0000000000
22555  -44.995  -50.047  -11.989 0.0000000000
114325  -45.774  -49.638  -12.563 0.0000000000
90701  -46.230  -50.031  -12.819 0.0000000000
162071  -45.960  -54.594  -8.872 0.0000000000
114314  -45.929  -55.090  -8.500 0.0000000000
90685  -45.955  -54.092  -9.282 0.0000000000
162070  -46.600  -54.301  -9.541 0.0000000000
22548  -46.611  -54.790  -9.104 0.0000000000
28505  -46.594  -53.797  -10.035 0.0000000000
127949  -47.233  -54.000  -10.321 0.0000000000
53268  -47.236  -54.513  -9.888 0.0000000000
127959  -43.966  -47.938  -12.513 0.0000000000
1387  -44.514  -48.105  -12.485 0.0000000000
127961  -43.164  -48.675  -12.360 0.0000000000
62870  -46.104  -52.315  -11.124 0.0000000000
127953  -46.670  -52.554  -11.437 0.0000000000
28506  -46.585  -52.945  -10.942 0.0000000000
13277  -46.785  -52.152  -11.901 0.0000000000
97625  -47.345  -52.379  -12.241 0.0000000000
62868  -47.244  -52.778  -11.738 0.0000000000
127951  -46.579  -53.354  -10.529 0.0000000000
90684  -45.951  -53.617  -9.762 0.0000000000
62867  -47.237  -53.174  -11.262 0.0000000000
127950  -47.222  -53.579  -10.798 0.0000000000
28504  -47.868  -53.407  -11.613 0.0000000000
127948  -47.850  -53.820  -11.118 0.0000000000
2496  -47.823  -54.231  -10.641 0.0000000000
127947  -48.479  -53.693  -11.967 0.0000000000
53262  -48.474  -54.147  -11.453 0.0000000000
62865  -48.519  -53.281  -12.458 0.0000000000
127946  -49.102  -53.610  -12.848 0.0000000000
22542  -49.080  -54.052  -12.343 0.0000000000
114329  -40.983  -52.025  -12.608 0.0000000000
5600  -41.507  -51.141  -12.407 0.0000000000
114331  -40.737  -52.696  -12.322 0.0000000000
22557  -40.613  -52.977  -12.926 0.0000000000
127966  -41.257  -51.309  -12.877 0.0000000000
127967  -40.812  -52.244  -13.154 0.0000000000
114327  -44.463  -49.829  -11.870 0.0000000000
90702  -44.184  -50.550  -11.543 0.0000000000
53275  -44.765  -49.048  -12.238 0.0000000000
114326  -45.298  -49.306  -12.352 0.0000000000
114313  -46.622  -55.307  -8.733 0.0000000000
90679  -45.905  -55.609  -8.150 0.0000000000
53267  -47.231  -55.057  -9.446 0.0000000000
114312  -47.212  -55.570  -9.037 0.0000000000
22547  -46.543  -55.846  -8.381 0.0000000000
22546  -47.831  -55.307  -9.724 0.0000000000
114310  -47.815  -55.850  -9.321 0.0000000000
114311  -47.157  -56.082  -8.685 0.0000000000
114309  -48.440  -55.666  -10.042 0.0000000000
90672  -48.413  -56.180  -9.720 0.0000000000
10044  -47.742  -56.340  -9.010 0.0000000000
97624  -47.985  -52.207  -13.063 0.0000000000
5596  -47.948  -52.618  -12.574 0.0000000000
97626  -47.443  -51.967  -12.755 0.0000000000
13276  -48.109  -51.668  -13.588 0.0000000000
97623  -48.667  -52.002  -13.918 0.0000000000
62862  -48.561  -52.505  -13.397 0.0000000000
43995  -48.833  -51.427  -14.470 0.0000000000
97622  -49.353  -51.756  -14.860 0.0000000000
13275  -49.273  -52.316  -14.375 0.0000000000
90714  -41.066  -53.623  -10.565 0.0000000000
90716  -40.566  -54.471  -10.686 0.0000000000
10049  -40.683  -53.845  -11.043 0.0000000000
90712  -41.181  -52.998  -10.952 0.0000000000
90710  -40.806  -53.195  -11.432 0.0000000000
114332  -40.582  -53.449  -11.976 0.0000000000
114333  -40.445  -54.175  -11.565 0.0000000000
90707  -42.188  -50.310  -12.209 0.0000000000
127962  -42.464  -49.508  -12.446 0.0000000000
127963  -41.805  -50.423  -12.658 0.0000000000
90704  -43.921  -51.181  -11.192 0.0000000000
90696  -40.395  -56.806  -9.159 0.0000000000
90691  -42.334  -55.860  -7.535 0.0000000000
90692  -41.614  -56.544  -7.389 0.0000000000
162080  -41.034  -57.338  -7.395 0.0000000000
40374  -42.292  -56.438  -7.177 0.0000000000
162079  -41.603  -57.111  -7.047 0.0000000000
90689  -43.073  -55.306  -7.765 0.0000000000
90690  -43.016  -55.826  -7.388 0.0000000000
62871  -45.602  -52.197  -10.883 0.0000000000
62869  -46.230  -51.923  -11.621 0.0000000000
62866  -47.878  -53.012  -12.076 0.0000000000
62864  -48.533  -52.906  -12.935 0.0000000000
28503  -49.216  -53.173  -13.362 0.0000000000
62863  -49.240  -52.779  -13.846 0.0000000000
127944  -49.913  -53.079  -14.319 0.0000000000
127943  -49.891  -52.636  -14.834 0.0000000000
53274  -45.032  -48.284  -12.543 0.0000000000
53271  -42.507  -53.757  -9.101 0.0000000000
53266  -47.825  -54.759  -10.193 0.0000000000
53264  -48.458  -54.604  -10.975 0.0000000000
53265  -48.459  -55.120  -10.515 0.0000000000
53263  -49.074  -54.511  -11.868 0.0000000000
22544  -49.080  -55.006  -11.368 0.0000000000
162085  -40.206  -58.341  -9.013 0.0000000000
90697  -40.189  -57.736  -9.367 0.0000000000
127945  -49.836  -53.530  -13.756 0.0000000000
97621  -49.952  -52.094  -15.288 0.0000000000
90681  -45.158  -55.983  -7.618 0.0000000000
90698  -40.183  -57.168  -9.735 0.0000000000
162086  -40.157  -58.723  -9.623 0.0000000000
40377  -40.101  -58.087  -10.014 0.0000000000
53278  -40.473  -53.752  -12.586 0.0000000000
22559  -40.337  -54.444  -12.239 0.0000000000
28509  -43.386  -47.844  -12.647 0.0000000000
62875  -42.688  -48.653  -12.634 0.0000000000
28511  -42.066  -49.617  -12.852 0.0000000000
127965  -41.551  -50.549  -13.147 0.0000000000
62874  -42.886  -47.807  -12.861 0.0000000000
62876  -42.255  -48.701  -13.024 0.0000000000
127964  -41.775  -49.736  -13.321 0.0000000000
5599  -42.397  -47.875  -13.161 0.0000000000
97630  -41.905  -48.861  -13.447 0.0000000000
