#!ascii label  , from subject  vox2ras=TkReg
751
137438  -28.468  -55.863  -7.106 0.0000000000
32042  -28.709  -56.210  -7.214 0.0000000000
137437  -28.021  -56.356  -7.262 0.0000000000
137439  -29.239  -55.603  -7.171 0.0000000000
137429  -27.798  -56.027  -7.191 0.0000000000
1412  -28.353  -55.482  -6.979 0.0000000000
128274  -29.003  -55.324  -7.007 0.0000000000
28644  -29.689  -55.084  -7.116 0.0000000000
70307  -29.438  -56.032  -7.330 0.0000000000
137440  -29.911  -55.414  -7.314 0.0000000000
32043  -30.057  -55.854  -7.490 0.0000000000
137441  -30.477  -55.279  -7.509 0.0000000000
63099  -30.374  -54.866  -7.361 0.0000000000
5674  -30.931  -54.609  -7.680 0.0000000000
137443  -30.706  -55.699  -7.773 0.0000000000
137444  -31.005  -55.001  -7.938 0.0000000000
32044  -31.084  -55.419  -8.189 0.0000000000
70310  -30.674  -56.161  -7.960 0.0000000000
137442  -30.189  -56.332  -7.622 0.0000000000
137445  -31.498  -54.668  -8.434 0.0000000000
97764  -31.458  -54.299  -8.087 0.0000000000
13354  -31.844  -53.947  -8.626 0.0000000000
70312  -31.462  -55.081  -8.745 0.0000000000
137446  -31.840  -54.299  -8.971 0.0000000000
32045  -31.758  -54.717  -9.346 0.0000000000
137447  -32.026  -53.853  -9.557 0.0000000000
44074  -32.127  -53.555  -9.139 0.0000000000
631  -32.320  -53.098  -9.662 0.0000000000
162977  -31.906  -54.223  -9.973 0.0000000000
162978  -32.108  -53.422  -10.154 0.0000000000
40674  -31.875  -53.665  -10.579 0.0000000000
91440  -31.710  -54.477  -10.458 0.0000000000
162976  -31.648  -55.018  -9.756 0.0000000000
163004  -32.085  -52.935  -10.666 0.0000000000
163005  -32.384  -52.494  -10.373 0.0000000000
40683  -32.342  -51.967  -10.882 0.0000000000
91463  -31.974  -52.275  -11.212 0.0000000000
163003  -31.774  -53.051  -11.179 0.0000000000
163006  -32.614  -51.762  -10.389 0.0000000000
44078  -32.575  -52.278  -9.849 0.0000000000
13358  -32.913  -51.507  -9.940 0.0000000000
91465  -32.612  -51.163  -11.010 0.0000000000
163007  -32.927  -50.909  -10.544 0.0000000000
40684  -32.898  -50.405  -11.051 0.0000000000
163008  -33.243  -50.150  -10.583 0.0000000000
97772  -33.195  -50.667  -10.043 0.0000000000
5678  -33.475  -49.929  -10.077 0.0000000000
163010  -33.234  -49.571  -11.123 0.0000000000
163011  -33.513  -49.483  -10.618 0.0000000000
40685  -33.555  -48.918  -11.184 0.0000000000
91468  -33.154  -49.048  -11.638 0.0000000000
163009  -32.834  -49.859  -11.568 0.0000000000
163012  -33.872  -48.679  -10.691 0.0000000000
63113  -33.755  -49.222  -10.123 0.0000000000
28652  -34.045  -48.388  -10.228 0.0000000000
91470  -33.894  -48.102  -11.259 0.0000000000
163013  -34.147  -47.867  -10.803 0.0000000000
40686  -34.197  -47.321  -11.365 0.0000000000
163014  -34.526  -47.072  -10.890 0.0000000000
128294  -34.391  -47.656  -10.306 0.0000000000
2529  -34.624  -46.938  -10.377 0.0000000000
163022  -34.582  -46.498  -11.525 0.0000000000
163023  -34.765  -46.391  -10.930 0.0000000000
40689  -34.877  -45.826  -11.509 0.0000000000
91478  -34.601  -45.989  -12.115 0.0000000000
163021  -34.251  -46.787  -11.902 0.0000000000
163024  -35.048  -45.566  -10.991 0.0000000000
53513  -34.895  -46.065  -10.479 0.0000000000
40688  -34.277  -46.249  -12.494 0.0000000000
163020  -33.881  -46.871  -12.450 0.0000000000
91471  -33.922  -47.444  -11.886 0.0000000000
163019  -33.837  -46.359  -12.999 0.0000000000
163017  -33.383  -47.118  -12.887 0.0000000000
10150  -33.463  -47.717  -12.303 0.0000000000
40687  -33.270  -46.511  -13.486 0.0000000000
163016  -32.845  -47.239  -13.252 0.0000000000
114787  -32.968  -47.709  -12.800 0.0000000000
22810  -32.685  -49.194  -12.077 0.0000000000
114784  -32.397  -50.011  -11.992 0.0000000000
91466  -32.531  -50.571  -11.536 0.0000000000
40682  -31.574  -52.501  -11.696 0.0000000000
163002  -31.394  -53.346  -11.575 0.0000000000
91441  -31.577  -53.984  -11.002 0.0000000000
163001  -31.050  -52.610  -12.141 0.0000000000
162999  -30.919  -53.538  -11.977 0.0000000000
10146  -31.214  -54.193  -11.418 0.0000000000
40673  -31.490  -55.335  -10.197 0.0000000000
162975  -31.420  -55.872  -9.475 0.0000000000
70313  -31.459  -55.492  -9.095 0.0000000000
162974  -31.392  -56.201  -9.908 0.0000000000
162972  -31.286  -56.575  -9.237 0.0000000000
7151  -31.149  -56.339  -8.741 0.0000000000
91438  -31.361  -55.720  -10.532 0.0000000000
162973  -31.408  -56.565  -10.201 0.0000000000
40672  -31.342  -57.029  -9.491 0.0000000000
22800  -31.281  -56.014  -10.953 0.0000000000
114766  -31.402  -56.909  -10.624 0.0000000000
91436  -31.407  -57.349  -9.847 0.0000000000
162971  -31.144  -57.400  -8.818 0.0000000000
102092  -30.976  -57.004  -8.515 0.0000000000
91435  -31.284  -57.776  -9.095 0.0000000000
162970  -31.019  -58.081  -8.441 0.0000000000
15758  -30.836  -57.681  -8.243 0.0000000000
40671  -31.240  -58.469  -8.678 0.0000000000
162969  -30.898  -58.759  -8.079 0.0000000000
46478  -30.611  -58.330  -7.889 0.0000000000
162968  -31.105  -59.194  -8.212 0.0000000000
162960  -30.673  -59.437  -7.608 0.0000000000
1413  -30.390  -58.969  -7.511 0.0000000000
91433  -31.381  -58.884  -8.901 0.0000000000
162967  -31.271  -59.577  -8.420 0.0000000000
40668  -30.976  -59.906  -7.757 0.0000000000
40670  -31.452  -59.269  -9.086 0.0000000000
162966  -31.403  -59.951  -8.695 0.0000000000
91426  -31.152  -60.274  -7.938 0.0000000000
162959  -30.467  -60.148  -7.229 0.0000000000
118445  -30.129  -59.721  -7.170 0.0000000000
91425  -30.756  -60.576  -7.344 0.0000000000
162958  -30.211  -60.854  -6.854 0.0000000000
24431  -29.856  -60.427  -6.830 0.0000000000
40667  -30.543  -61.360  -6.908 0.0000000000
162957  -29.965  -61.565  -6.529 0.0000000000
56078  -29.553  -61.114  -6.520 0.0000000000
162956  -30.324  -62.004  -6.641 0.0000000000
162954  -29.676  -62.338  -6.249 0.0000000000
3333  -29.263  -61.851  -6.269 0.0000000000
15757  -30.309  -56.769  -7.840 0.0000000000
102089  -29.760  -56.979  -7.484 0.0000000000
70308  -29.598  -56.503  -7.349 0.0000000000
70305  -28.209  -56.813  -7.349 0.0000000000
137436  -27.508  -56.908  -7.450 0.0000000000
32039  -27.330  -56.482  -7.383 0.0000000000
32041  -27.724  -57.428  -7.425 0.0000000000
137435  -27.080  -57.540  -7.623 0.0000000000
70298  -26.840  -57.037  -7.646 0.0000000000
137434  -27.362  -58.096  -7.559 0.0000000000
137432  -26.739  -58.191  -7.785 0.0000000000
7149  -26.466  -57.665  -7.835 0.0000000000
70303  -28.051  -57.926  -7.368 0.0000000000
137433  -27.657  -58.594  -7.366 0.0000000000
32040  -27.038  -58.783  -7.637 0.0000000000
15755  -28.309  -58.424  -7.226 0.0000000000
102085  -28.044  -59.153  -7.114 0.0000000000
70301  -27.383  -59.412  -7.323 0.0000000000
137431  -26.427  -58.956  -7.929 0.0000000000
102083  -26.108  -58.363  -8.075 0.0000000000
70300  -26.754  -59.536  -7.676 0.0000000000
137430  -26.153  -59.731  -8.034 0.0000000000
15753  -25.835  -59.120  -8.242 0.0000000000
137428  -27.126  -56.197  -7.282 0.0000000000
53499  -27.583  -55.640  -7.073 0.0000000000
70297  -26.621  -56.654  -7.511 0.0000000000
137427  -26.376  -56.463  -7.338 0.0000000000
22779  -26.869  -55.976  -7.073 0.0000000000
32038  -25.937  -56.946  -7.620 0.0000000000
137426  -25.772  -56.902  -7.324 0.0000000000
114729  -26.238  -56.424  -7.063 0.0000000000
137425  -25.341  -57.350  -7.667 0.0000000000
137423  -25.252  -57.400  -7.360 0.0000000000
7148  -25.711  -56.947  -7.064 0.0000000000
70295  -25.481  -57.425  -7.952 0.0000000000
137424  -24.914  -57.802  -8.012 0.0000000000
32037  -24.837  -57.794  -7.698 0.0000000000
137422  -24.748  -57.992  -7.446 0.0000000000
91374  -25.180  -57.575  -7.135 0.0000000000
128293  -34.224  -48.160  -9.755 0.0000000000
53509  -34.441  -47.432  -9.827 0.0000000000
63112  -33.914  -48.861  -9.704 0.0000000000
128292  -34.003  -48.662  -9.256 0.0000000000
22789  -34.224  -47.916  -9.274 0.0000000000
28651  -33.726  -49.393  -9.160 0.0000000000
128291  -33.735  -49.123  -8.728 0.0000000000
114747  -34.001  -48.387  -8.762 0.0000000000
128290  -33.461  -49.921  -8.617 0.0000000000
128288  -33.472  -49.575  -8.245 0.0000000000
5677  -33.761  -48.814  -8.306 0.0000000000
63110  -33.428  -50.210  -9.088 0.0000000000
128289  -33.228  -50.653  -8.620 0.0000000000
28650  -33.198  -50.323  -8.186 0.0000000000
13357  -33.171  -50.922  -9.040 0.0000000000
97769  -32.965  -51.374  -8.563 0.0000000000
63108  -32.944  -51.055  -8.171 0.0000000000
128287  -33.176  -49.969  -7.816 0.0000000000
91404  -33.437  -49.227  -7.881 0.0000000000
63107  -32.879  -50.717  -7.777 0.0000000000
128286  -32.757  -50.420  -7.371 0.0000000000
28649  -33.035  -49.662  -7.438 0.0000000000
28648  -32.488  -51.093  -7.385 0.0000000000
128284  -32.302  -50.817  -6.974 0.0000000000
128285  -32.597  -50.067  -7.036 0.0000000000
162934  -32.771  -49.301  -7.136 0.0000000000
2528  -32.105  -50.427  -6.703 0.0000000000
53508  -32.290  -49.707  -6.773 0.0000000000
128283  -31.990  -51.466  -6.961 0.0000000000
53502  -31.795  -51.156  -6.653 0.0000000000
63105  -32.086  -51.815  -7.289 0.0000000000
128282  -31.575  -52.202  -6.920 0.0000000000
22782  -31.398  -51.880  -6.641 0.0000000000
28647  -31.729  -52.573  -7.246 0.0000000000
128281  -31.150  -52.914  -6.896 0.0000000000
114734  -31.031  -52.529  -6.623 0.0000000000
128280  -31.288  -53.208  -7.200 0.0000000000
128278  -30.695  -53.516  -6.881 0.0000000000
5675  -30.554  -53.200  -6.649 0.0000000000
63103  -31.786  -52.910  -7.551 0.0000000000
128279  -31.293  -53.584  -7.482 0.0000000000
28646  -30.780  -53.903  -7.115 0.0000000000
13355  -31.803  -53.244  -7.914 0.0000000000
97765  -31.388  -53.946  -7.791 0.0000000000
63101  -30.899  -54.168  -7.451 0.0000000000
128277  -30.161  -54.111  -6.918 0.0000000000
91382  -30.052  -53.799  -6.623 0.0000000000
63100  -30.261  -54.447  -7.135 0.0000000000
128276  -29.610  -54.698  -6.922 0.0000000000
28645  -29.481  -54.343  -6.777 0.0000000000
128275  -28.938  -54.888  -6.868 0.0000000000
162907  -28.707  -54.586  -6.667 0.0000000000
53501  -28.123  -55.155  -6.879 0.0000000000
118444  -29.471  -59.984  -6.842 0.0000000000
46474  -29.855  -59.245  -7.155 0.0000000000
56077  -29.109  -60.748  -6.574 0.0000000000
118443  -28.791  -60.202  -6.698 0.0000000000
15754  -29.159  -59.439  -6.965 0.0000000000
24430  -28.420  -60.991  -6.536 0.0000000000
118442  -28.092  -60.452  -6.798 0.0000000000
102084  -28.428  -59.663  -6.927 0.0000000000
118441  -27.803  -61.207  -6.636 0.0000000000
118439  -27.374  -60.714  -6.980 0.0000000000
3332  -27.731  -59.905  -7.042 0.0000000000
24429  -27.170  -61.515  -6.859 0.0000000000
118438  -26.769  -60.980  -7.232 0.0000000000
70299  -27.066  -60.144  -7.292 0.0000000000
56072  -26.525  -61.811  -7.200 0.0000000000
118437  -26.258  -61.173  -7.584 0.0000000000
24428  -26.498  -60.313  -7.608 0.0000000000
22811  -32.400  -47.954  -13.121 0.0000000000
114786  -32.563  -48.567  -12.571 0.0000000000
91467  -33.066  -48.467  -12.156 0.0000000000
53530  -32.001  -48.679  -13.027 0.0000000000
114785  -32.160  -49.370  -12.482 0.0000000000
22809  -31.621  -49.470  -12.835 0.0000000000
114783  -31.883  -50.096  -12.397 0.0000000000
10149  -32.075  -50.771  -11.907 0.0000000000
114782  -31.226  -50.320  -12.759 0.0000000000
91460  -31.560  -50.986  -12.313 0.0000000000
114765  -31.323  -57.196  -10.873 0.0000000000
10145  -31.451  -57.617  -10.202 0.0000000000
114767  -31.147  -56.206  -11.355 0.0000000000
114749  -34.248  -47.601  -8.829 0.0000000000
114748  -33.966  -47.966  -8.400 0.0000000000
114736  -30.793  -52.217  -6.401 0.0000000000
114735  -30.352  -52.914  -6.406 0.0000000000
114731  -26.706  -55.958  -6.833 0.0000000000
114730  -26.142  -56.448  -6.817 0.0000000000
102091  -30.552  -57.267  -7.987 0.0000000000
70309  -30.745  -56.587  -8.234 0.0000000000
46477  -30.310  -57.936  -7.743 0.0000000000
102090  -29.917  -57.441  -7.604 0.0000000000
15756  -29.718  -58.093  -7.439 0.0000000000
102088  -29.316  -57.601  -7.383 0.0000000000
7150  -29.175  -57.091  -7.337 0.0000000000
102087  -29.002  -58.192  -7.213 0.0000000000
70302  -28.664  -57.752  -7.272 0.0000000000
46475  -29.445  -58.807  -7.156 0.0000000000
102086  -28.742  -58.966  -7.068 0.0000000000
102082  -25.498  -58.503  -8.346 0.0000000000
70294  -25.843  -57.767  -8.118 0.0000000000
97771  -33.051  -51.195  -9.507 0.0000000000
63109  -33.342  -50.465  -9.546 0.0000000000
44077  -32.766  -51.965  -9.428 0.0000000000
97770  -32.840  -51.671  -8.998 0.0000000000
13356  -32.531  -52.466  -8.867 0.0000000000
97768  -32.549  -52.133  -8.465 0.0000000000
5676  -32.644  -51.809  -8.104 0.0000000000
97767  -32.224  -52.884  -8.358 0.0000000000
63102  -32.142  -52.578  -7.965 0.0000000000
44075  -32.175  -53.207  -8.789 0.0000000000
97766  -31.791  -53.622  -8.261 0.0000000000
91469  -33.527  -48.296  -11.736 0.0000000000
91464  -32.256  -51.422  -11.415 0.0000000000
91462  -31.824  -51.553  -11.818 0.0000000000
91461  -31.306  -51.736  -12.236 0.0000000000
22808  -31.011  -51.126  -12.635 0.0000000000
163000  -30.759  -51.941  -12.608 0.0000000000
91439  -31.418  -54.810  -10.839 0.0000000000
91437  -31.197  -55.203  -11.129 0.0000000000
114768  -31.026  -55.382  -11.623 0.0000000000
114769  -30.901  -54.502  -11.783 0.0000000000
91434  -31.406  -58.144  -9.389 0.0000000000
91432  -31.471  -58.501  -9.624 0.0000000000
91430  -31.364  -57.986  -10.423 0.0000000000
91431  -31.469  -58.831  -9.888 0.0000000000
10144  -31.323  -60.701  -8.196 0.0000000000
91424  -30.990  -61.030  -7.530 0.0000000000
91422  -31.170  -61.438  -7.750 0.0000000000
91423  -30.803  -61.744  -7.123 0.0000000000
91406  -33.616  -48.416  -7.940 0.0000000000
91405  -33.212  -48.882  -7.505 0.0000000000
91384  -29.888  -53.472  -6.491 0.0000000000
91383  -29.301  -54.052  -6.579 0.0000000000
91376  -25.649  -56.994  -6.824 0.0000000000
32036  -24.703  -58.166  -7.206 0.0000000000
91375  -25.231  -57.631  -6.864 0.0000000000
70311  -31.151  -55.854  -8.527 0.0000000000
70306  -28.919  -56.696  -7.274 0.0000000000
70304  -28.440  -57.284  -7.310 0.0000000000
70296  -26.182  -57.174  -7.827 0.0000000000
15752  -25.175  -57.998  -8.242 0.0000000000
63111  -33.596  -49.723  -9.587 0.0000000000
63106  -32.585  -51.401  -7.742 0.0000000000
63104  -32.241  -52.195  -7.669 0.0000000000
56076  -28.847  -61.438  -6.354 0.0000000000
56074  -28.556  -62.166  -6.126 0.0000000000
56075  -28.136  -61.739  -6.339 0.0000000000
53511  -34.695  -46.631  -9.898 0.0000000000
53512  -34.917  -45.855  -9.949 0.0000000000
22793  -35.111  -45.387  -10.505 0.0000000000
114754  -35.114  -45.018  -10.058 0.0000000000
22791  -34.702  -46.340  -9.420 0.0000000000
114753  -34.890  -45.510  -9.531 0.0000000000
53510  -34.468  -47.152  -9.309 0.0000000000
114750  -34.447  -46.792  -8.921 0.0000000000
53506  -31.768  -50.109  -6.436 0.0000000000
53507  -31.985  -49.331  -6.488 0.0000000000
22788  -32.572  -48.924  -6.804 0.0000000000
114745  -32.255  -48.513  -6.563 0.0000000000
22786  -31.437  -49.746  -6.218 0.0000000000
114744  -31.693  -48.967  -6.254 0.0000000000
53504  -31.504  -50.838  -6.374 0.0000000000
53505  -31.150  -50.513  -6.157 0.0000000000
114741  -30.853  -50.171  -5.973 0.0000000000
22784  -30.874  -51.235  -6.099 0.0000000000
114740  -30.501  -50.897  -5.939 0.0000000000
53503  -31.147  -51.510  -6.392 0.0000000000
114737  -30.434  -51.913  -6.181 0.0000000000
53500  -27.343  -55.493  -6.879 0.0000000000
22781  -27.958  -54.918  -6.684 0.0000000000
114732  -27.316  -55.324  -6.675 0.0000000000
46476  -30.041  -58.552  -7.469 0.0000000000
44076  -32.429  -52.798  -9.277 0.0000000000
114751  -34.647  -45.946  -9.025 0.0000000000
114746  -32.777  -48.083  -6.898 0.0000000000
162935  -33.068  -48.508  -7.189 0.0000000000
114742  -31.103  -49.392  -5.972 0.0000000000
114738  -30.264  -51.603  -5.887 0.0000000000
114733  -27.814  -54.757  -6.443 0.0000000000
162908  -28.549  -54.355  -6.536 0.0000000000
93551  -28.966  -62.623  -6.001 0.0000000000
162899  -25.203  -57.808  -6.641 0.0000000000
40648  -25.671  -57.160  -6.622 0.0000000000
162898  -24.730  -58.298  -6.944 0.0000000000
162901  -26.128  -56.515  -6.626 0.0000000000
40651  -29.103  -53.806  -6.355 0.0000000000
162910  -29.641  -53.249  -6.256 0.0000000000
40660  -33.474  -48.128  -7.577 0.0000000000
162937  -33.829  -47.729  -7.979 0.0000000000
22780  -26.662  -55.866  -6.646 0.0000000000
91377  -27.167  -55.283  -6.374 0.0000000000
10138  -27.704  -54.663  -6.160 0.0000000000
162909  -28.398  -54.193  -6.235 0.0000000000
22783  -30.154  -52.545  -6.209 0.0000000000
91385  -29.780  -52.327  -5.967 0.0000000000
10139  -29.548  -52.070  -5.709 0.0000000000
114739  -29.808  -51.354  -5.718 0.0000000000
162919  -29.534  -51.048  -5.553 0.0000000000
22785  -30.174  -50.591  -5.756 0.0000000000
91391  -29.149  -51.824  -5.504 0.0000000000
91392  -30.479  -49.818  -5.779 0.0000000000
10140  -30.705  -49.101  -5.794 0.0000000000
114743  -31.263  -48.669  -6.032 0.0000000000
162928  -31.477  -47.862  -6.123 0.0000000000
22787  -31.804  -48.244  -6.309 0.0000000000
91398  -30.875  -48.326  -5.845 0.0000000000
91399  -32.350  -47.801  -6.629 0.0000000000
10141  -32.883  -47.380  -6.950 0.0000000000
162936  -33.238  -47.686  -7.246 0.0000000000
22790  -34.158  -47.232  -8.452 0.0000000000
91407  -34.297  -46.476  -8.460 0.0000000000
10142  -34.447  -45.660  -8.593 0.0000000000
114752  -34.712  -45.200  -9.044 0.0000000000
22792  -34.949  -44.795  -9.474 0.0000000000
162900  -25.604  -57.286  -6.350 0.0000000000
13353  -24.642  -58.556  -6.671 0.0000000000
97763  -25.078  -58.054  -6.361 0.0000000000
5673  -25.519  -57.345  -6.091 0.0000000000
162902  -26.125  -56.497  -6.347 0.0000000000
162903  -26.016  -56.647  -6.087 0.0000000000
91378  -26.609  -55.867  -6.339 0.0000000000
40649  -26.550  -55.903  -6.102 0.0000000000
162904  -26.427  -55.934  -5.844 0.0000000000
63098  -25.931  -56.635  -5.832 0.0000000000
28643  -26.279  -55.935  -5.611 0.0000000000
91380  -26.913  -55.248  -5.864 0.0000000000
162905  -26.799  -55.292  -5.637 0.0000000000
40650  -27.356  -54.641  -5.661 0.0000000000
162906  -27.155  -54.526  -5.428 0.0000000000
128273  -26.580  -55.153  -5.409 0.0000000000
2527  -26.950  -54.394  -5.287 0.0000000000
162914  -27.806  -53.877  -5.510 0.0000000000
162915  -27.545  -53.753  -5.316 0.0000000000
162911  -28.898  -53.609  -6.121 0.0000000000
162912  -28.182  -54.047  -6.006 0.0000000000
91386  -29.445  -52.960  -6.027 0.0000000000
40652  -28.695  -53.444  -5.858 0.0000000000
162913  -27.975  -53.991  -5.712 0.0000000000
91381  -27.537  -54.581  -5.940 0.0000000000
91388  -28.467  -53.286  -5.626 0.0000000000
40653  -28.184  -53.082  -5.408 0.0000000000
162916  -27.893  -52.954  -5.256 0.0000000000
53498  -27.247  -53.603  -5.217 0.0000000000
22778  -27.532  -52.764  -5.180 0.0000000000
91390  -28.523  -52.367  -5.343 0.0000000000
162917  -28.235  -52.086  -5.252 0.0000000000
40654  -28.871  -51.559  -5.372 0.0000000000
162918  -28.526  -51.376  -5.288 0.0000000000
114728  -27.901  -51.949  -5.184 0.0000000000
10137  -28.096  -51.145  -5.205 0.0000000000
162920  -29.210  -50.811  -5.411 0.0000000000
162921  -28.733  -50.620  -5.308 0.0000000000
91393  -29.847  -50.289  -5.605 0.0000000000
40655  -29.419  -50.079  -5.453 0.0000000000
162922  -29.002  -49.807  -5.324 0.0000000000
91373  -28.311  -50.371  -5.230 0.0000000000
40647  -28.556  -49.562  -5.242 0.0000000000
91395  -29.576  -49.336  -5.441 0.0000000000
162923  -29.207  -48.995  -5.355 0.0000000000
40656  -29.843  -48.454  -5.524 0.0000000000
162924  -29.236  -48.262  -5.433 0.0000000000
162897  -28.634  -48.790  -5.296 0.0000000000
162925  -29.866  -47.732  -5.608 0.0000000000
361  -28.767  -47.946  -5.388 0.0000000000
42361  -29.387  -47.453  -5.517 0.0000000000
11641  -29.943  -46.999  -5.713 0.0000000000
91397  -30.407  -48.019  -5.696 0.0000000000
162926  -30.471  -47.236  -5.795 0.0000000000
40657  -30.951  -47.579  -5.900 0.0000000000
162927  -31.017  -46.801  -6.059 0.0000000000
94681  -30.503  -46.547  -5.974 0.0000000000
3961  -31.077  -46.062  -6.307 0.0000000000
162929  -31.486  -47.130  -6.148 0.0000000000
162930  -31.536  -46.368  -6.344 0.0000000000
91400  -31.963  -47.480  -6.380 0.0000000000
40658  -32.019  -46.641  -6.478 0.0000000000
162931  -32.033  -45.930  -6.637 0.0000000000
57961  -31.569  -45.639  -6.590 0.0000000000
25561  -32.048  -45.199  -6.894 0.0000000000
91402  -32.541  -46.206  -6.779 0.0000000000
162932  -32.545  -45.481  -6.905 0.0000000000
40659  -33.029  -45.792  -7.094 0.0000000000
162933  -33.006  -45.032  -7.245 0.0000000000
121081  -32.528  -44.732  -7.223 0.0000000000
1801  -32.956  -44.301  -7.514 0.0000000000
162941  -33.494  -45.345  -7.477 0.0000000000
162942  -33.417  -44.601  -7.622 0.0000000000
162938  -33.662  -47.258  -7.659 0.0000000000
162939  -33.361  -46.967  -7.305 0.0000000000
91408  -34.004  -46.862  -8.046 0.0000000000
40661  -33.779  -46.529  -7.701 0.0000000000
162940  -33.462  -46.137  -7.389 0.0000000000
91403  -33.013  -46.578  -7.026 0.0000000000
91410  -33.836  -45.737  -7.756 0.0000000000
40662  -33.868  -44.935  -7.880 0.0000000000
162896  -28.111  -49.276  -5.242 0.0000000000
130921  -28.144  -48.491  -5.297 0.0000000000
91372  -27.914  -50.118  -5.175 0.0000000000
162895  -27.515  -49.781  -5.186 0.0000000000
29641  -27.534  -49.048  -5.235 0.0000000000
40646  -27.308  -50.638  -5.137 0.0000000000
162894  -26.905  -50.324  -5.137 0.0000000000
65161  -26.975  -49.559  -5.214 0.0000000000
162893  -26.706  -51.233  -5.094 0.0000000000
162891  -26.310  -50.923  -5.098 0.0000000000
6121  -26.411  -50.133  -5.162 0.0000000000
91370  -27.122  -51.438  -5.107 0.0000000000
162892  -26.551  -52.024  -5.092 0.0000000000
40645  -26.117  -51.833  -5.069 0.0000000000
22777  -26.915  -52.250  -5.115 0.0000000000
114725  -26.303  -52.849  -5.097 0.0000000000
91368  -25.979  -52.611  -5.070 0.0000000000
162890  -25.731  -51.518  -5.090 0.0000000000
99001  -25.857  -50.717  -5.131 0.0000000000
91367  -25.574  -52.370  -5.073 0.0000000000
162889  -25.176  -52.118  -5.109 0.0000000000
14041  -25.315  -51.301  -5.126 0.0000000000
40644  -25.032  -52.971  -5.134 0.0000000000
162888  -24.641  -52.727  -5.161 0.0000000000
44761  -24.819  -51.858  -5.180 0.0000000000
162887  -24.456  -53.581  -5.204 0.0000000000
162879  -24.115  -53.279  -5.284 0.0000000000
841  -24.309  -52.407  -5.279 0.0000000000
91365  -24.834  -53.778  -5.094 0.0000000000
162886  -24.201  -54.404  -5.197 0.0000000000
40641  -23.845  -54.170  -5.280 0.0000000000
40643  -24.558  -54.648  -5.127 0.0000000000
162885  -23.914  -55.267  -5.186 0.0000000000
91358  -23.586  -54.998  -5.293 0.0000000000
162884  -24.263  -55.574  -5.153 0.0000000000
162882  -23.617  -56.173  -5.199 0.0000000000
10135  -23.318  -55.845  -5.253 0.0000000000
91363  -24.909  -54.949  -5.106 0.0000000000
162883  -24.591  -55.907  -5.142 0.0000000000
40642  -24.020  -56.439  -5.170 0.0000000000
22775  -25.184  -55.259  -5.141 0.0000000000
114721  -24.921  -56.100  -5.138 0.0000000000
91361  -24.310  -56.754  -5.160 0.0000000000
162881  -23.373  -57.046  -5.239 0.0000000000
114719  -23.019  -56.720  -5.249 0.0000000000
162878  -23.521  -53.865  -5.434 0.0000000000
116041  -23.776  -52.959  -5.417 0.0000000000
91357  -23.234  -54.699  -5.419 0.0000000000
162877  -22.913  -54.457  -5.585 0.0000000000
23401  -23.205  -53.519  -5.601 0.0000000000
40640  -22.631  -55.255  -5.547 0.0000000000
162876  -22.310  -55.019  -5.709 0.0000000000
54361  -22.552  -54.133  -5.778 0.0000000000
162875  -22.025  -55.838  -5.648 0.0000000000
162873  -21.685  -55.534  -5.808 0.0000000000
2761  -21.918  -54.687  -5.930 0.0000000000
130920  -27.765  -48.082  -5.341 0.0000000000
42357  -28.327  -47.576  -5.403 0.0000000000
65160  -27.211  -48.607  -5.295 0.0000000000
130919  -27.360  -47.703  -5.398 0.0000000000
11637  -27.929  -47.162  -5.513 0.0000000000
29640  -26.819  -48.269  -5.350 0.0000000000
130918  -26.962  -47.269  -5.550 0.0000000000
94673  -27.500  -46.781  -5.638 0.0000000000
130917  -26.442  -47.771  -5.481 0.0000000000
130915  -26.581  -46.843  -5.710 0.0000000000
3957  -27.075  -46.373  -5.821 0.0000000000
65158  -26.305  -48.746  -5.315 0.0000000000
130916  -25.917  -48.297  -5.435 0.0000000000
29639  -26.056  -47.372  -5.638 0.0000000000
14040  -25.784  -49.246  -5.282 0.0000000000
98998  -25.402  -48.855  -5.391 0.0000000000
65156  -25.512  -47.923  -5.586 0.0000000000
130914  -26.128  -46.507  -5.926 0.0000000000
57947  -26.642  -46.000  -6.036 0.0000000000
65155  -25.607  -47.044  -5.840 0.0000000000
130913  -25.692  -46.104  -6.122 0.0000000000
25553  -26.178  -45.644  -6.235 0.0000000000
29638  -25.231  -46.586  -6.020 0.0000000000
130912  -25.270  -45.652  -6.326 0.0000000000
121061  -25.728  -45.189  -6.442 0.0000000000
130911  -24.796  -46.143  -6.213 0.0000000000
130903  -24.840  -45.267  -6.489 0.0000000000
840  -25.270  -44.849  -6.639 0.0000000000
65153  -24.766  -47.052  -5.947 0.0000000000
130910  -24.357  -46.610  -6.142 0.0000000000
29635  -24.374  -45.664  -6.402 0.0000000000
29637  -24.297  -47.564  -5.913 0.0000000000
130909  -23.898  -47.105  -6.139 0.0000000000
65146  -23.934  -46.153  -6.352 0.0000000000
130908  -23.842  -48.079  -5.920 0.0000000000
130906  -23.458  -47.626  -6.181 0.0000000000
6119  -23.521  -46.628  -6.342 0.0000000000
65151  -24.185  -48.530  -5.706 0.0000000000
130907  -23.714  -49.113  -5.758 0.0000000000
29636  -23.389  -48.656  -5.972 0.0000000000
14038  -24.060  -49.539  -5.560 0.0000000000
98994  -23.579  -50.088  -5.672 0.0000000000
65149  -23.258  -49.672  -5.869 0.0000000000
130905  -23.051  -48.139  -6.254 0.0000000000
98992  -23.129  -47.105  -6.383 0.0000000000
65148  -22.944  -49.169  -6.144 0.0000000000
130904  -22.667  -48.643  -6.386 0.0000000000
14036  -22.702  -47.664  -6.511 0.0000000000
23398  -22.531  -49.664  -6.349 0.0000000000
116032  -22.230  -49.193  -6.615 0.0000000000
44756  -22.315  -48.182  -6.663 0.0000000000
130902  -24.369  -44.842  -6.791 0.0000000000
48347  -24.802  -44.403  -6.979 0.0000000000
128272  -26.029  -55.804  -5.425 0.0000000000
53494  -26.364  -55.050  -5.271 0.0000000000
63097  -25.749  -56.646  -5.613 0.0000000000
128271  -25.479  -56.503  -5.417 0.0000000000
22774  -25.791  -55.719  -5.250 0.0000000000
28642  -25.128  -57.389  -5.600 0.0000000000
128270  -24.896  -57.185  -5.369 0.0000000000
114720  -25.203  -56.396  -5.239 0.0000000000
128269  -24.567  -58.052  -5.568 0.0000000000
128267  -24.316  -57.850  -5.390 0.0000000000
5672  -24.627  -57.050  -5.237 0.0000000000
121080  -32.047  -44.357  -7.188 0.0000000000
48357  -32.496  -43.906  -7.529 0.0000000000
57960  -31.578  -44.807  -6.857 0.0000000000
121079  -31.554  -43.978  -7.243 0.0000000000
17637  -31.987  -43.545  -7.563 0.0000000000
25560  -31.112  -44.394  -6.940 0.0000000000
121078  -31.091  -43.601  -7.326 0.0000000000
105473  -31.517  -43.195  -7.656 0.0000000000
121077  -30.649  -44.019  -7.004 0.0000000000
121075  -30.626  -43.247  -7.488 0.0000000000
3960  -31.050  -42.840  -7.814 0.0000000000
57958  -30.686  -44.806  -6.631 0.0000000000
121076  -30.187  -44.454  -6.698 0.0000000000
25559  -30.176  -43.669  -7.171 0.0000000000
11640  -30.205  -45.237  -6.346 0.0000000000
94678  -29.729  -44.874  -6.456 0.0000000000
57956  -29.740  -44.070  -6.889 0.0000000000
121063  -26.235  -44.753  -6.612 0.0000000000
121062  -25.725  -44.410  -6.845 0.0000000000
116040  -23.449  -52.600  -5.526 0.0000000000
44757  -23.990  -52.014  -5.367 0.0000000000
54360  -22.921  -53.175  -5.715 0.0000000000
116039  -23.181  -52.140  -5.677 0.0000000000
14037  -23.703  -51.573  -5.477 0.0000000000
23400  -22.671  -52.692  -5.894 0.0000000000
116038  -22.878  -51.702  -5.842 0.0000000000
98993  -23.387  -51.099  -5.668 0.0000000000
116037  -22.366  -52.267  -6.087 0.0000000000
116035  -22.615  -51.214  -6.073 0.0000000000
2760  -23.116  -50.660  -5.856 0.0000000000
54358  -22.124  -53.233  -6.114 0.0000000000
116036  -21.841  -52.747  -6.330 0.0000000000
23399  -22.097  -51.724  -6.301 0.0000000000
10440  -21.476  -53.773  -6.313 0.0000000000
92518  -21.276  -53.233  -6.573 0.0000000000
54356  -21.565  -52.261  -6.543 0.0000000000
116034  -22.341  -50.722  -6.282 0.0000000000
65147  -22.834  -50.165  -6.036 0.0000000000
54355  -21.828  -51.245  -6.540 0.0000000000
116033  -22.122  -50.190  -6.590 0.0000000000
23397  -21.590  -50.772  -6.876 0.0000000000
116031  -21.789  -49.713  -6.836 0.0000000000
839  -21.965  -48.648  -6.828 0.0000000000
116030  -21.238  -50.304  -7.112 0.0000000000
44750  -21.440  -49.317  -7.124 0.0000000000
54353  -20.977  -51.320  -7.178 0.0000000000
116029  -20.625  -50.914  -7.436 0.0000000000
14030  -20.852  -49.944  -7.428 0.0000000000
114727  -27.281  -52.597  -5.086 0.0000000000
91369  -27.518  -51.667  -5.154 0.0000000000
53497  -26.945  -53.395  -5.130 0.0000000000
114726  -26.655  -53.165  -5.088 0.0000000000
22776  -26.379  -54.025  -5.091 0.0000000000
114724  -26.063  -53.751  -5.082 0.0000000000
10136  -25.733  -53.407  -5.115 0.0000000000
114723  -25.791  -54.595  -5.135 0.0000000000
91362  -25.482  -54.349  -5.080 0.0000000000
53495  -26.084  -54.824  -5.164 0.0000000000
114722  -25.538  -55.425  -5.150 0.0000000000
99000  -25.587  -50.270  -5.178 0.0000000000
65157  -26.123  -49.663  -5.224 0.0000000000
44760  -25.054  -50.862  -5.187 0.0000000000
98999  -25.250  -49.826  -5.246 0.0000000000
14039  -24.706  -50.432  -5.278 0.0000000000
98997  -24.889  -49.417  -5.369 0.0000000000
6120  -25.004  -48.444  -5.536 0.0000000000
98996  -24.390  -49.945  -5.398 0.0000000000
65150  -24.531  -48.994  -5.519 0.0000000000
44758  -24.191  -51.018  -5.358 0.0000000000
98995  -23.890  -50.509  -5.518 0.0000000000
98991  -22.763  -46.664  -6.641 0.0000000000
65142  -23.140  -46.199  -6.583 0.0000000000
44755  -22.382  -47.146  -6.749 0.0000000000
98990  -22.340  -46.180  -6.967 0.0000000000
14035  -22.676  -45.745  -6.882 0.0000000000
14034  -21.992  -46.659  -7.077 0.0000000000
98988  -21.945  -45.624  -7.278 0.0000000000
98989  -22.251  -45.161  -7.237 0.0000000000
97762  -24.533  -58.790  -6.368 0.0000000000
63094  -25.000  -58.020  -6.095 0.0000000000
94680  -30.110  -46.110  -6.021 0.0000000000
57957  -30.620  -45.704  -6.269 0.0000000000
42360  -29.525  -46.575  -5.771 0.0000000000
94679  -29.692  -45.659  -6.093 0.0000000000
11639  -29.141  -46.073  -5.866 0.0000000000
94677  -29.150  -45.335  -6.178 0.0000000000
3959  -29.278  -44.479  -6.635 0.0000000000
94676  -28.579  -45.822  -5.934 0.0000000000
57950  -28.749  -44.910  -6.408 0.0000000000
42358  -28.527  -46.621  -5.669 0.0000000000
94675  -28.073  -46.309  -5.756 0.0000000000
11638  -28.146  -45.435  -6.154 0.0000000000
94674  -27.596  -45.925  -5.963 0.0000000000
121066  -27.705  -45.068  -6.322 0.0000000000
57949  -27.161  -45.524  -6.165 0.0000000000
92517  -20.724  -53.739  -6.793 0.0000000000
2759  -20.989  -52.801  -6.799 0.0000000000
92519  -20.900  -54.248  -6.532 0.0000000000
91409  -34.144  -46.110  -8.141 0.0000000000
91411  -34.191  -45.334  -8.184 0.0000000000
91401  -32.431  -47.086  -6.661 0.0000000000
91396  -30.219  -48.822  -5.620 0.0000000000
91394  -30.141  -49.524  -5.635 0.0000000000
91389  -28.850  -52.563  -5.547 0.0000000000
91387  -29.104  -52.789  -5.766 0.0000000000
91379  -27.083  -55.218  -6.122 0.0000000000
91371  -27.689  -50.911  -5.157 0.0000000000
91366  -25.404  -53.197  -5.067 0.0000000000
91364  -25.161  -54.016  -5.115 0.0000000000
91359  -24.084  -57.629  -5.254 0.0000000000
91360  -23.689  -57.344  -5.198 0.0000000000
91356  -22.983  -55.557  -5.379 0.0000000000
91354  -22.689  -56.416  -5.335 0.0000000000
91355  -22.301  -56.207  -5.469 0.0000000000
65159  -26.663  -49.140  -5.256 0.0000000000
65154  -25.129  -47.539  -5.771 0.0000000000
65152  -24.657  -48.026  -5.719 0.0000000000
65144  -23.507  -45.732  -6.598 0.0000000000
65145  -23.942  -45.283  -6.663 0.0000000000
63096  -25.393  -57.354  -5.827 0.0000000000
63095  -24.796  -58.058  -5.841 0.0000000000
13352  -24.446  -58.740  -6.118 0.0000000000
128268  -24.227  -58.689  -5.861 0.0000000000
57959  -31.111  -45.268  -6.550 0.0000000000
57954  -29.165  -43.753  -7.104 0.0000000000
57955  -29.595  -43.330  -7.426 0.0000000000
57952  -28.730  -44.132  -6.845 0.0000000000
57953  -28.664  -43.417  -7.416 0.0000000000
25557  -29.086  -43.041  -7.687 0.0000000000
121070  -28.558  -42.732  -7.986 0.0000000000
25556  -28.243  -43.795  -7.177 0.0000000000
121069  -28.145  -43.095  -7.711 0.0000000000
57951  -28.254  -44.569  -6.572 0.0000000000
121067  -27.720  -44.273  -6.866 0.0000000000
57948  -26.681  -45.200  -6.356 0.0000000000
25555  -27.184  -44.751  -6.571 0.0000000000
121064  -26.746  -44.332  -6.822 0.0000000000
54359  -22.398  -53.717  -5.944 0.0000000000
54357  -21.774  -54.238  -6.103 0.0000000000
92520  -21.112  -54.750  -6.267 0.0000000000
92521  -21.354  -55.133  -6.042 0.0000000000
54354  -21.317  -51.724  -6.803 0.0000000000
54352  -20.691  -52.297  -7.138 0.0000000000
23396  -20.354  -51.855  -7.465 0.0000000000
54350  -20.309  -53.365  -7.087 0.0000000000
54351  -20.017  -52.834  -7.391 0.0000000000
53496  -26.637  -54.240  -5.183 0.0000000000
44759  -24.527  -51.436  -5.255 0.0000000000
44754  -22.002  -47.672  -6.911 0.0000000000
44752  -21.562  -48.222  -7.117 0.0000000000
44753  -21.560  -47.243  -7.231 0.0000000000
98987  -21.544  -46.172  -7.409 0.0000000000
14032  -21.104  -47.811  -7.434 0.0000000000
98986  -21.130  -46.732  -7.532 0.0000000000
44751  -21.096  -48.785  -7.374 0.0000000000
98983  -20.706  -48.330  -7.668 0.0000000000
98982  -20.589  -49.405  -7.676 0.0000000000
42359  -28.919  -47.072  -5.560 0.0000000000
121068  -27.701  -43.502  -7.410 0.0000000000
121065  -27.235  -43.918  -7.064 0.0000000000
98984  -20.699  -47.268  -7.731 0.0000000000
98980  -20.327  -50.511  -7.743 0.0000000000
48349  -25.257  -43.997  -7.186 0.0000000000
144317  -25.730  -43.558  -7.457 0.0000000000
25554  -26.245  -43.951  -7.123 0.0000000000
75925  -26.710  -43.525  -7.414 0.0000000000
3958  -27.144  -43.149  -7.698 0.0000000000
105460  -27.554  -42.803  -7.999 0.0000000000
17630  -28.011  -42.458  -8.300 0.0000000000
