#!ascii label  , from subject  vox2ras=TkReg
246
97775  43.467  -50.301  -11.774 0.0000000000
13359  42.722  -50.849  -11.575 0.0000000000
97773  43.183  -51.077  -11.503 0.0000000000
97774  43.879  -50.531  -11.781 0.0000000000
13360  44.123  -49.764  -12.070 0.0000000000
44080  43.073  -50.026  -11.796 0.0000000000
97776  43.738  -49.527  -12.092 0.0000000000
13361  43.324  -49.295  -12.086 0.0000000000
97777  43.999  -48.762  -12.343 0.0000000000
63117  44.380  -49.021  -12.296 0.0000000000
5681  44.677  -48.379  -12.541 0.0000000000
162980  43.571  -48.475  -12.359 0.0000000000
162981  44.294  -48.057  -12.575 0.0000000000
40675  43.843  -47.846  -12.668 0.0000000000
91443  43.236  -48.337  -12.529 0.0000000000
162979  42.954  -49.129  -12.266 0.0000000000
162983  44.601  -47.421  -12.854 0.0000000000
162984  44.950  -47.672  -12.831 0.0000000000
40676  45.211  -46.933  -13.147 0.0000000000
91446  44.861  -46.699  -13.172 0.0000000000
162982  44.199  -47.171  -12.967 0.0000000000
162985  45.634  -47.267  -13.234 0.0000000000
63121  45.365  -47.955  -12.940 0.0000000000
28657  46.020  -47.578  -13.319 0.0000000000
91448  45.868  -46.561  -13.578 0.0000000000
162986  46.263  -46.835  -13.672 0.0000000000
40677  46.448  -46.156  -14.127 0.0000000000
162987  46.836  -46.487  -14.276 0.0000000000
128305  46.620  -47.162  -13.794 0.0000000000
2530  47.222  -46.771  -14.406 0.0000000000
162995  47.075  -45.782  -14.730 0.0000000000
162996  47.438  -46.059  -14.889 0.0000000000
40680  47.686  -45.368  -15.335 0.0000000000
91456  47.345  -45.145  -15.322 0.0000000000
162994  46.699  -45.498  -14.660 0.0000000000
162997  48.064  -45.731  -15.318 0.0000000000
53521  47.844  -46.346  -14.930 0.0000000000
22803  44.496  -46.453  -13.272 0.0000000000
114771  43.809  -46.895  -13.080 0.0000000000
91444  43.518  -47.611  -12.801 0.0000000000
32047  42.553  -48.906  -12.429 0.0000000000
137449  42.298  -49.624  -12.255 0.0000000000
44081  42.675  -49.843  -12.047 0.0000000000
137448  41.747  -50.298  -12.358 0.0000000000
352  42.038  -50.493  -12.045 0.0000000000
137450  41.994  -49.529  -12.497 0.0000000000
32046  41.436  -50.172  -12.713 0.0000000000
144086  41.490  -51.146  -12.193 0.0000000000
144087  41.266  -51.039  -12.578 0.0000000000
128304  46.397  -47.891  -13.427 0.0000000000
53517  47.017  -47.504  -14.015 0.0000000000
63120  45.761  -48.309  -13.020 0.0000000000
128303  46.133  -48.602  -13.188 0.0000000000
22797  46.777  -48.227  -13.671 0.0000000000
28656  45.470  -48.986  -12.777 0.0000000000
128302  45.834  -49.271  -12.912 0.0000000000
114761  46.498  -48.921  -13.412 0.0000000000
128301  45.206  -49.640  -12.523 0.0000000000
128299  45.594  -50.038  -12.687 0.0000000000
5680  46.240  -49.679  -13.134 0.0000000000
63118  44.834  -49.351  -12.417 0.0000000000
128300  44.577  -50.043  -12.153 0.0000000000
28655  44.996  -50.379  -12.280 0.0000000000
63116  44.315  -50.733  -11.865 0.0000000000
128298  45.369  -50.769  -12.392 0.0000000000
91427  46.021  -50.480  -12.847 0.0000000000
63115  44.746  -51.137  -11.982 0.0000000000
128297  45.178  -51.374  -12.104 0.0000000000
28654  45.762  -51.130  -12.547 0.0000000000
28653  44.474  -51.786  -11.660 0.0000000000
128295  44.882  -52.090  -11.775 0.0000000000
128296  45.557  -51.759  -12.253 0.0000000000
162961  46.145  -51.471  -12.754 0.0000000000
1784  45.312  -52.339  -11.965 0.0000000000
53516  45.917  -52.118  -12.405 0.0000000000
144050  44.634  -52.675  -11.479 0.0000000000
144051  44.240  -52.408  -11.341 0.0000000000
114763  47.144  -48.567  -13.886 0.0000000000
114762  46.888  -49.292  -13.625 0.0000000000
5679  43.605  -51.251  -11.513 0.0000000000
144056  42.938  -51.799  -11.272 0.0000000000
144057  42.474  -51.630  -11.407 0.0000000000
91447  45.458  -46.262  -13.517 0.0000000000
91449  46.126  -45.912  -14.030 0.0000000000
10147  45.750  -45.625  -14.002 0.0000000000
91445  45.136  -45.950  -13.588 0.0000000000
91429  46.617  -50.039  -13.391 0.0000000000
91428  46.405  -50.748  -13.060 0.0000000000
63119  45.066  -48.671  -12.683 0.0000000000
63114  44.048  -51.466  -11.551 0.0000000000
144052  43.799  -52.234  -11.271 0.0000000000
144053  43.325  -52.044  -11.250 0.0000000000
53519  47.609  -47.055  -14.588 0.0000000000
53520  48.207  -46.718  -15.050 0.0000000000
22801  48.444  -46.068  -15.400 0.0000000000
114768  48.831  -46.418  -15.510 0.0000000000
22799  47.995  -47.437  -14.756 0.0000000000
114767  48.624  -47.123  -15.178 0.0000000000
53518  47.392  -47.760  -14.217 0.0000000000
114764  47.782  -48.122  -14.443 0.0000000000
53514  45.704  -52.679  -12.141 0.0000000000
53515  46.282  -52.412  -12.640 0.0000000000
22796  46.551  -51.816  -12.966 0.0000000000
114759  46.938  -52.106  -13.198 0.0000000000
22794  46.071  -52.998  -12.351 0.0000000000
114758  46.670  -52.734  -12.919 0.0000000000
144040  45.480  -53.201  -11.870 0.0000000000
144041  45.062  -52.949  -11.659 0.0000000000
44079  42.342  -50.671  -11.797 0.0000000000
144058  42.072  -51.466  -11.601 0.0000000000
144059  41.747  -51.297  -11.883 0.0000000000
91442  42.832  -48.160  -12.672 0.0000000000
137451  42.230  -48.689  -12.675 0.0000000000
70315  41.717  -49.347  -12.831 0.0000000000
70314  41.345  -50.103  -13.103 0.0000000000
144088  41.153  -51.002  -13.029 0.0000000000
114765  48.413  -47.804  -14.903 0.0000000000
114760  47.172  -51.433  -13.486 0.0000000000
162962  46.771  -51.097  -13.282 0.0000000000
114756  46.437  -53.277  -12.582 0.0000000000
144039  45.860  -53.506  -12.069 0.0000000000
70316  41.564  -49.197  -13.207 0.0000000000
7152  41.200  -49.999  -13.513 0.0000000000
144089  41.043  -50.824  -13.435 0.0000000000
40669  47.015  -50.360  -13.589 0.0000000000
162964  47.290  -49.650  -13.844 0.0000000000
162993  46.378  -45.216  -14.603 0.0000000000
22795  47.355  -52.414  -13.407 0.0000000000
91422  47.618  -51.722  -13.653 0.0000000000
10144  47.905  -51.026  -13.942 0.0000000000
162963  47.434  -50.737  -13.781 0.0000000000
22798  47.538  -48.854  -14.145 0.0000000000
91430  48.182  -48.486  -14.662 0.0000000000
10145  48.789  -48.169  -15.073 0.0000000000
114766  49.040  -47.448  -15.391 0.0000000000
162973  49.670  -47.213  -15.846 0.0000000000
22800  49.232  -46.822  -15.690 0.0000000000
91436  49.475  -47.872  -15.590 0.0000000000
34330  45.529  -54.021  -11.661 0.0000000000
144038  46.152  -53.802  -12.208 0.0000000000
75697  45.197  -53.709  -11.561 0.0000000000
34331  44.787  -53.562  -11.343 0.0000000000
144049  44.362  -53.361  -11.182 0.0000000000
34334  43.915  -53.112  -11.057 0.0000000000
75707  43.511  -52.985  -11.049 0.0000000000
34335  43.060  -52.788  -11.027 0.0000000000
144055  42.681  -52.612  -11.098 0.0000000000
34336  42.205  -52.397  -11.277 0.0000000000
75710  41.956  -53.222  -11.124 0.0000000000
144054  42.393  -53.336  -10.952 0.0000000000
75712  41.827  -52.247  -11.471 0.0000000000
34337  41.498  -52.005  -11.747 0.0000000000
144085  41.283  -51.938  -12.101 0.0000000000
34346  41.083  -51.808  -12.501 0.0000000000
75735  40.901  -52.541  -12.501 0.0000000000
144084  41.067  -52.770  -12.062 0.0000000000
75737  40.944  -51.729  -12.977 0.0000000000
34347  40.899  -51.627  -13.432 0.0000000000
144091  40.838  -51.468  -13.910 0.0000000000
144092  40.989  -50.709  -13.917 0.0000000000
34348  40.839  -51.408  -14.368 0.0000000000
75740  40.697  -52.218  -14.370 0.0000000000
144090  40.691  -52.313  -13.914 0.0000000000
144093  40.974  -50.613  -14.360 0.0000000000
102093  41.166  -49.876  -13.988 0.0000000000
15759  41.100  -49.828  -14.418 0.0000000000
75742  40.858  -51.312  -14.887 0.0000000000
144094  40.983  -50.432  -14.880 0.0000000000
34349  40.841  -51.167  -15.318 0.0000000000
144095  40.929  -50.372  -15.312 0.0000000000
46479  41.084  -49.617  -14.923 0.0000000000
1414  41.083  -49.567  -15.428 0.0000000000
144103  40.973  -51.058  -15.855 0.0000000000
144104  41.066  -50.295  -15.873 0.0000000000
162965  47.684  -49.990  -14.096 0.0000000000
162966  48.111  -50.295  -14.241 0.0000000000
91431  47.942  -49.234  -14.365 0.0000000000
40670  48.367  -49.560  -14.548 0.0000000000
17567  40.619  -53.113  -14.373 0.0000000000
105347  40.556  -53.167  -13.936 0.0000000000
75738  40.770  -52.421  -13.448 0.0000000000
34345  40.774  -53.402  -12.512 0.0000000000
144083  40.903  -53.583  -12.030 0.0000000000
75713  41.300  -52.885  -11.712 0.0000000000
144082  40.618  -54.253  -12.510 0.0000000000
144080  40.778  -54.393  -12.028 0.0000000000
8003  41.078  -53.701  -11.634 0.0000000000
75733  40.554  -54.263  -12.962 0.0000000000
144081  40.417  -55.076  -12.994 0.0000000000
34344  40.493  -55.159  -12.502 0.0000000000
144079  40.681  -55.258  -12.051 0.0000000000
105332  40.936  -54.525  -11.578 0.0000000000
17557  41.727  -53.993  -11.025 0.0000000000
105329  42.094  -54.098  -10.825 0.0000000000
75708  42.797  -53.543  -10.879 0.0000000000
105346  40.488  -53.999  -13.943 0.0000000000
8006  40.616  -53.325  -13.447 0.0000000000
105348  40.486  -53.937  -14.454 0.0000000000
17566  40.356  -54.828  -14.486 0.0000000000
105345  40.361  -54.850  -13.993 0.0000000000
75732  40.502  -54.158  -13.458 0.0000000000
48285  40.313  -55.687  -14.549 0.0000000000
105344  40.278  -55.753  -14.040 0.0000000000
17565  40.399  -54.964  -13.481 0.0000000000
17558  40.823  -55.386  -11.617 0.0000000000
105331  41.212  -54.655  -11.239 0.0000000000
75709  41.381  -53.860  -11.268 0.0000000000
48277  41.001  -55.470  -11.236 0.0000000000
105330  41.496  -54.783  -10.934 0.0000000000
17556  41.289  -55.577  -10.913 0.0000000000
105328  41.834  -54.900  -10.742 0.0000000000
8002  42.485  -54.213  -10.692 0.0000000000
102095  41.317  -48.994  -14.063 0.0000000000
102094  41.384  -49.144  -13.652 0.0000000000
91432  48.576  -48.864  -14.826 0.0000000000
75741  40.702  -52.175  -14.919 0.0000000000
75743  40.753  -51.961  -15.337 0.0000000000
8007  40.668  -52.804  -15.383 0.0000000000
75739  40.617  -52.962  -14.960 0.0000000000
105349  40.546  -53.783  -15.027 0.0000000000
105350  40.624  -53.705  -15.435 0.0000000000
75736  40.811  -52.520  -12.987 0.0000000000
75734  40.682  -53.351  -12.976 0.0000000000
75711  41.605  -53.066  -11.348 0.0000000000
75706  43.201  -53.711  -10.843 0.0000000000
48284  40.380  -56.413  -15.141 0.0000000000
17564  40.219  -56.549  -14.569 0.0000000000
48286  40.441  -55.535  -15.107 0.0000000000
46481  41.197  -48.863  -15.013 0.0000000000
46480  41.194  -49.020  -14.507 0.0000000000
144102  40.867  -51.840  -15.858 0.0000000000
48287  40.480  -54.684  -15.076 0.0000000000
91434  49.253  -48.545  -15.326 0.0000000000
144098  40.780  -53.619  -15.931 0.0000000000
144101  40.822  -52.724  -15.887 0.0000000000
1786  40.518  -56.306  -15.622 0.0000000000
48288  40.594  -55.406  -15.602 0.0000000000
17568  40.609  -54.563  -15.522 0.0000000000
120977  40.698  -56.211  -16.127 0.0000000000
144096  40.757  -55.351  -16.091 0.0000000000
91433  48.988  -49.279  -14.983 0.0000000000
144097  40.783  -54.521  -16.042 0.0000000000
25517  40.954  -56.047  -16.583 0.0000000000
75745  40.941  -55.182  -16.510 0.0000000000
34350  40.929  -54.346  -16.475 0.0000000000
144100  40.913  -53.507  -16.425 0.0000000000
