#!ascii label  , from subject  vox2ras=TkReg
1301
22715  -6.194  -89.319  -10.779 0.0000000000
114613  -6.640  -89.774  -11.269 0.0000000000
114615  -5.897  -89.971  -10.815 0.0000000000
53436  -5.554  -89.526  -10.279 0.0000000000
53435  -5.798  -88.952  -10.160 0.0000000000
128188  -6.964  -89.128  -11.206 0.0000000000
128189  -6.514  -88.734  -10.606 0.0000000000
53437  -5.193  -89.071  -9.556 0.0000000000
2519  -5.424  -88.461  -9.457 0.0000000000
128190  -6.115  -88.354  -9.990 0.0000000000
114616  -5.366  -90.046  -10.281 0.0000000000
22717  -5.058  -89.628  -9.584 0.0000000000
53439  -4.851  -88.550  -8.712 0.0000000000
53438  -4.777  -89.128  -8.691 0.0000000000
114620  -4.541  -89.281  -7.717 0.0000000000
22719  -4.469  -88.707  -7.752 0.0000000000
114619  -4.769  -89.639  -8.636 0.0000000000
53441  -5.036  -87.950  -8.647 0.0000000000
53440  -4.468  -88.070  -7.810 0.0000000000
114624  -4.154  -87.661  -7.048 0.0000000000
22721  -4.620  -87.451  -7.806 0.0000000000
114623  -4.196  -88.367  -6.944 0.0000000000
128191  -5.738  -87.913  -9.296 0.0000000000
162691  -5.313  -87.389  -8.503 0.0000000000
5653  -7.111  -90.044  -11.582 0.0000000000
114614  -6.382  -90.332  -11.179 0.0000000000
128187  -7.428  -89.431  -11.691 0.0000000000
162667  -6.248  -90.754  -11.096 0.0000000000
22716  -5.732  -90.452  -10.731 0.0000000000
91182  -6.823  -90.585  -11.465 0.0000000000
114617  -5.051  -90.081  -9.479 0.0000000000
91183  -5.300  -90.503  -10.120 0.0000000000
10112  -5.110  -90.563  -9.324 0.0000000000
114618  -4.829  -90.104  -8.458 0.0000000000
162676  -4.838  -90.316  -7.343 0.0000000000
22718  -4.641  -89.782  -7.637 0.0000000000
91189  -4.989  -90.661  -8.211 0.0000000000
114621  -4.371  -88.985  -6.788 0.0000000000
91190  -4.527  -89.566  -6.707 0.0000000000
10113  -4.394  -89.119  -5.855 0.0000000000
114622  -4.104  -88.464  -6.043 0.0000000000
162685  -3.881  -87.814  -5.267 0.0000000000
22720  -3.924  -87.770  -6.203 0.0000000000
91196  -4.189  -88.518  -5.096 0.0000000000
114625  -4.310  -86.979  -7.084 0.0000000000
91197  -3.939  -87.074  -6.339 0.0000000000
10114  -4.119  -86.406  -6.373 0.0000000000
162692  -4.885  -86.857  -7.704 0.0000000000
162693  -4.608  -86.358  -7.033 0.0000000000
28607  -7.758  -88.805  -11.572 0.0000000000
128186  -8.249  -89.024  -11.999 0.0000000000
128184  -7.913  -89.690  -11.901 0.0000000000
63038  -7.321  -88.472  -11.025 0.0000000000
28608  -6.912  -88.269  -10.346 0.0000000000
128192  -6.550  -87.846  -9.695 0.0000000000
28609  -6.137  -87.442  -8.958 0.0000000000
63040  -7.419  -87.670  -10.078 0.0000000000
128193  -7.017  -87.402  -9.312 0.0000000000
28610  -7.915  -87.111  -9.731 0.0000000000
128194  -7.517  -86.914  -8.906 0.0000000000
91202  -6.599  -87.015  -8.562 0.0000000000
5655  -7.154  -86.589  -8.117 0.0000000000
128196  -8.456  -86.468  -9.378 0.0000000000
128197  -8.172  -86.322  -8.505 0.0000000000
28611  -8.995  -85.662  -9.054 0.0000000000
63043  -9.142  -85.696  -9.948 0.0000000000
128195  -8.687  -86.534  -10.225 0.0000000000
128198  -8.804  -85.620  -8.156 0.0000000000
114626  -7.882  -86.094  -7.634 0.0000000000
22722  -8.656  -85.358  -7.330 0.0000000000
63045  -9.529  -84.875  -8.745 0.0000000000
128199  -9.458  -84.786  -7.911 0.0000000000
28612  -9.998  -84.005  -8.488 0.0000000000
128200  -9.943  -83.927  -7.698 0.0000000000
53442  -9.285  -84.676  -7.031 0.0000000000
2520  -9.762  -83.929  -6.816 0.0000000000
162770  -10.534  -83.301  -8.320 0.0000000000
162771  -10.518  -83.283  -7.455 0.0000000000
40570  -6.726  -91.085  -11.267 0.0000000000
91184  -5.718  -90.934  -10.547 0.0000000000
162668  -6.175  -91.238  -10.881 0.0000000000
40571  -5.743  -91.433  -10.253 0.0000000000
162669  -6.190  -91.797  -10.586 0.0000000000
162666  -6.679  -91.670  -11.033 0.0000000000
162670  -5.826  -91.880  -9.911 0.0000000000
10111  -6.695  -92.209  -10.677 0.0000000000
91179  -6.290  -92.326  -10.150 0.0000000000
40569  -6.070  -92.374  -9.355 0.0000000000
91186  -5.475  -91.550  -9.425 0.0000000000
162671  -5.681  -91.990  -8.907 0.0000000000
40572  -5.361  -91.554  -8.405 0.0000000000
162672  -5.680  -91.992  -7.874 0.0000000000
162663  -5.966  -92.453  -8.409 0.0000000000
162673  -5.456  -91.576  -7.359 0.0000000000
2518  -6.087  -92.408  -7.391 0.0000000000
53431  -5.871  -92.025  -6.886 0.0000000000
22711  -5.729  -91.588  -6.470 0.0000000000
91188  -5.170  -91.135  -7.855 0.0000000000
162674  -5.329  -91.196  -6.787 0.0000000000
40573  -5.041  -90.770  -7.066 0.0000000000
162675  -5.220  -90.910  -6.069 0.0000000000
114607  -5.627  -91.281  -5.786 0.0000000000
10110  -5.534  -90.862  -5.076 0.0000000000
162677  -4.915  -90.555  -6.365 0.0000000000
162678  -5.225  -90.575  -5.331 0.0000000000
91191  -4.755  -90.119  -6.572 0.0000000000
40574  -4.945  -90.216  -5.501 0.0000000000
162679  -5.286  -90.132  -4.617 0.0000000000
91171  -5.771  -90.445  -4.487 0.0000000000
40566  -5.866  -89.895  -3.743 0.0000000000
91193  -4.870  -89.731  -4.805 0.0000000000
162680  -5.350  -89.539  -3.908 0.0000000000
40575  -4.901  -89.102  -4.035 0.0000000000
162681  -5.539  -88.805  -3.289 0.0000000000
162654  -6.063  -89.175  -3.189 0.0000000000
162682  -5.070  -88.371  -3.432 0.0000000000
348  -6.310  -88.382  -2.656 0.0000000000
42323  -5.782  -88.031  -2.754 0.0000000000
11603  -5.281  -87.625  -2.901 0.0000000000
91195  -4.492  -88.554  -4.158 0.0000000000
162683  -4.600  -87.794  -3.542 0.0000000000
40576  -4.129  -87.870  -4.361 0.0000000000
162684  -4.225  -87.246  -3.692 0.0000000000
94613  -4.801  -87.158  -2.975 0.0000000000
3923  -4.416  -86.605  -2.953 0.0000000000
162686  -3.825  -87.238  -4.532 0.0000000000
162687  -3.903  -86.656  -3.749 0.0000000000
91198  -3.729  -87.142  -5.443 0.0000000000
40577  -3.690  -86.607  -4.620 0.0000000000
162688  -3.721  -85.975  -3.843 0.0000000000
57848  -4.052  -86.016  -2.918 0.0000000000
25493  -3.862  -85.332  -3.057 0.0000000000
91200  -3.677  -85.912  -4.717 0.0000000000
162689  -3.684  -85.275  -3.929 0.0000000000
40578  -3.759  -85.197  -4.772 0.0000000000
162690  -3.705  -84.580  -3.963 0.0000000000
120923  -3.737  -84.651  -3.153 0.0000000000
1778  -3.731  -83.969  -3.254 0.0000000000
162698  -4.021  -84.551  -4.677 0.0000000000
162699  -3.957  -83.987  -3.954 0.0000000000
91203  -5.730  -86.953  -8.192 0.0000000000
40579  -5.339  -86.449  -7.433 0.0000000000
162695  -5.080  -85.899  -6.737 0.0000000000
162696  -4.417  -85.798  -6.267 0.0000000000
40580  -4.914  -85.354  -5.980 0.0000000000
91206  -5.689  -85.539  -6.332 0.0000000000
162694  -5.918  -86.067  -7.027 0.0000000000
162697  -4.197  -85.183  -5.447 0.0000000000
91201  -3.882  -85.837  -5.534 0.0000000000
91208  -4.574  -84.630  -5.242 0.0000000000
40581  -4.431  -84.017  -4.570 0.0000000000
162700  -4.355  -83.472  -3.970 0.0000000000
48248  -3.972  -83.429  -3.319 0.0000000000
17528  -4.244  -82.911  -3.368 0.0000000000
91210  -4.988  -83.519  -4.514 0.0000000000
162701  -4.802  -83.006  -3.926 0.0000000000
40582  -5.547  -83.046  -4.309 0.0000000000
162702  -5.326  -82.500  -3.724 0.0000000000
105278  -4.681  -82.416  -3.324 0.0000000000
7988  -5.200  -81.936  -3.161 0.0000000000
162704  -6.129  -82.557  -4.019 0.0000000000
162705  -5.919  -82.024  -3.459 0.0000000000
40583  -6.802  -82.073  -3.643 0.0000000000
91213  -6.981  -82.653  -4.205 0.0000000000
162703  -6.404  -83.158  -4.554 0.0000000000
162706  -6.563  -81.529  -3.049 0.0000000000
75623  -5.767  -81.470  -2.830 0.0000000000
34298  -6.415  -80.945  -2.436 0.0000000000
91215  -7.459  -81.531  -3.268 0.0000000000
162707  -7.251  -81.007  -2.655 0.0000000000
40584  -8.111  -80.943  -2.923 0.0000000000
162708  -7.940  -80.396  -2.428 0.0000000000
143948  -7.064  -80.360  -2.154 0.0000000000
40605  -11.131  -82.733  -8.099 0.0000000000
91268  -11.120  -82.684  -8.973 0.0000000000
162769  -10.529  -83.331  -9.187 0.0000000000
162779  -11.203  -82.707  -7.247 0.0000000000
162780  -10.406  -83.290  -6.611 0.0000000000
40608  -11.115  -82.598  -6.289 0.0000000000
91276  -11.912  -82.073  -6.971 0.0000000000
162778  -11.882  -82.192  -7.873 0.0000000000
162781  -10.223  -82.979  -5.733 0.0000000000
53446  -9.541  -83.727  -6.030 0.0000000000
22726  -9.285  -83.251  -5.265 0.0000000000
91278  -10.899  -82.079  -5.293 0.0000000000
162782  -9.984  -82.425  -4.888 0.0000000000
40609  -10.668  -81.595  -4.557 0.0000000000
162783  -9.764  -81.876  -4.207 0.0000000000
114634  -8.980  -82.639  -4.593 0.0000000000
40607  -12.522  -81.542  -7.628 0.0000000000
162777  -12.411  -81.647  -8.464 0.0000000000
91269  -11.690  -82.211  -8.734 0.0000000000
162776  -13.049  -80.969  -8.239 0.0000000000
162774  -12.969  -80.991  -9.038 0.0000000000
10123  -12.250  -81.658  -9.329 0.0000000000
40606  -13.559  -80.313  -8.833 0.0000000000
162773  -13.479  -80.379  -9.643 0.0000000000
114666  -12.832  -81.044  -9.905 0.0000000000
91271  -14.030  -79.734  -9.400 0.0000000000
162772  -14.075  -79.812  -10.230 0.0000000000
22744  -13.478  -80.472  -10.411 0.0000000000
28623  -14.631  -79.286  -9.855 0.0000000000
128223  -14.787  -79.429  -10.534 0.0000000000
53464  -14.233  -79.969  -10.876 0.0000000000
40604  -11.027  -82.754  -9.851 0.0000000000
162768  -10.521  -83.409  -10.167 0.0000000000
63046  -10.022  -84.034  -9.442 0.0000000000
162767  -11.047  -82.834  -10.799 0.0000000000
162765  -10.520  -83.526  -11.027 0.0000000000
5656  -10.026  -84.120  -10.364 0.0000000000
91266  -11.573  -82.194  -10.514 0.0000000000
162766  -11.715  -82.288  -11.394 0.0000000000
40603  -11.150  -82.995  -11.636 0.0000000000
22743  -12.269  -81.695  -11.109 0.0000000000
114663  -12.470  -81.905  -11.908 0.0000000000
91264  -11.951  -82.536  -12.165 0.0000000000
162764  -10.667  -83.719  -11.905 0.0000000000
97732  -10.125  -84.268  -11.282 0.0000000000
91263  -11.482  -83.203  -12.454 0.0000000000
162763  -11.040  -83.945  -12.687 0.0000000000
13336  -10.295  -84.482  -12.124 0.0000000000
40602  -11.976  -83.561  -12.974 0.0000000000
162762  -11.536  -84.372  -13.146 0.0000000000
44056  -10.700  -84.823  -12.767 0.0000000000
162761  -12.515  -84.002  -13.219 0.0000000000
162735  -12.238  -84.847  -13.351 0.0000000000
628  -11.229  -85.245  -13.147 0.0000000000
91261  -12.944  -83.194  -13.061 0.0000000000
162760  -13.466  -83.540  -13.038 0.0000000000
40593  -13.109  -84.463  -13.176 0.0000000000
40601  -13.865  -82.731  -12.918 0.0000000000
162759  -14.272  -83.094  -12.668 0.0000000000
91239  -13.894  -84.045  -12.830 0.0000000000
162758  -14.744  -82.262  -12.555 0.0000000000
162756  -15.021  -82.566  -12.222 0.0000000000
10119  -14.633  -83.461  -12.327 0.0000000000
91259  -14.382  -82.052  -12.863 0.0000000000
162757  -15.223  -81.630  -12.481 0.0000000000
40600  -15.488  -81.839  -12.086 0.0000000000
22741  -14.988  -81.370  -12.682 0.0000000000
114659  -15.786  -80.992  -12.288 0.0000000000
91257  -15.914  -81.286  -11.942 0.0000000000
162755  -15.688  -82.086  -11.683 0.0000000000
114648  -15.290  -82.934  -11.778 0.0000000000
91256  -16.150  -81.454  -11.521 0.0000000000
162754  -16.281  -81.685  -11.069 0.0000000000
22734  -15.878  -82.441  -11.208 0.0000000000
40599  -16.752  -81.130  -10.865 0.0000000000
162753  -16.889  -81.344  -10.434 0.0000000000
53454  -16.451  -82.025  -10.648 0.0000000000
162752  -17.338  -80.796  -10.225 0.0000000000
162744  -17.464  -81.036  -9.768 0.0000000000
2521  -17.052  -81.635  -10.003 0.0000000000
91254  -17.151  -80.571  -10.619 0.0000000000
162751  -17.741  -80.265  -9.925 0.0000000000
40596  -17.895  -80.470  -9.548 0.0000000000
40598  -17.596  -79.979  -10.303 0.0000000000
162750  -18.176  -79.665  -9.598 0.0000000000
91247  -18.315  -79.884  -9.265 0.0000000000
162749  -18.118  -79.452  -9.943 0.0000000000
162747  -18.615  -79.070  -9.252 0.0000000000
10120  -18.801  -79.257  -8.914 0.0000000000
91252  -17.501  -79.794  -10.684 0.0000000000
162748  -17.969  -79.182  -10.299 0.0000000000
40597  -18.477  -78.822  -9.633 0.0000000000
22739  -17.422  -79.496  -10.946 0.0000000000
114655  -17.833  -78.769  -10.610 0.0000000000
91250  -18.380  -78.520  -9.912 0.0000000000
162746  -18.953  -78.392  -8.899 0.0000000000
114653  -19.168  -78.585  -8.587 0.0000000000
91249  -18.828  -78.144  -9.221 0.0000000000
162745  -19.269  -77.700  -8.494 0.0000000000
22737  -19.467  -77.881  -8.197 0.0000000000
162743  -17.964  -80.759  -9.118 0.0000000000
128211  -17.592  -81.342  -9.361 0.0000000000
91246  -18.379  -80.150  -8.888 0.0000000000
162742  -18.502  -80.378  -8.465 0.0000000000
28617  -18.086  -81.021  -8.739 0.0000000000
40595  -18.934  -79.710  -8.272 0.0000000000
162741  -19.103  -79.930  -7.872 0.0000000000
63054  -18.667  -80.602  -8.116 0.0000000000
162740  -19.569  -79.214  -7.629 0.0000000000
162738  -19.716  -79.493  -7.303 0.0000000000
5659  -19.230  -80.222  -7.528 0.0000000000
91244  -19.445  -79.027  -7.970 0.0000000000
162739  -20.053  -78.478  -7.325 0.0000000000
40594  -20.217  -78.748  -7.080 0.0000000000
22736  -19.925  -78.350  -7.645 0.0000000000
114650  -20.482  -77.851  -7.062 0.0000000000
91242  -20.645  -77.983  -6.743 0.0000000000
162737  -20.319  -79.044  -6.831 0.0000000000
97737  -19.899  -79.782  -6.983 0.0000000000
91241  -20.907  -78.300  -6.574 0.0000000000
162736  -21.103  -78.622  -6.290 0.0000000000
13339  -20.672  -79.342  -6.509 0.0000000000
32016  -21.624  -77.875  -6.074 0.0000000000
137364  -21.972  -78.240  -5.819 0.0000000000
44059  -21.479  -78.985  -6.062 0.0000000000
162734  -12.945  -85.376  -13.204 0.0000000000
137362  -11.938  -85.740  -13.257 0.0000000000
91238  -13.795  -85.023  -12.913 0.0000000000
162733  -13.639  -85.917  -12.819 0.0000000000
32014  -12.699  -86.282  -13.023 0.0000000000
40592  -14.356  -85.475  -12.445 0.0000000000
162732  -14.252  -86.388  -12.298 0.0000000000
70246  -13.397  -86.676  -12.491 0.0000000000
162731  -14.901  -85.940  -11.991 0.0000000000
91236  -14.971  -84.946  -11.980 0.0000000000
162730  -15.389  -85.460  -11.625 0.0000000000
22733  -15.347  -84.483  -11.403 0.0000000000
114645  -15.773  -84.823  -11.093 0.0000000000
22725  -7.353  -83.298  -4.753 0.0000000000
114631  -6.689  -83.826  -5.006 0.0000000000
91211  -5.779  -83.663  -4.792 0.0000000000
22723  -6.628  -85.758  -6.466 0.0000000000
114627  -6.865  -86.216  -7.313 0.0000000000
91204  -6.235  -86.570  -7.787 0.0000000000
162665  -7.256  -91.497  -11.286 0.0000000000
114612  -7.201  -92.085  -10.965 0.0000000000
91181  -7.361  -90.853  -11.547 0.0000000000
162664  -7.856  -91.178  -11.359 0.0000000000
22714  -7.781  -91.813  -11.051 0.0000000000
28605  -8.042  -90.541  -11.603 0.0000000000
128181  -8.529  -90.733  -11.212 0.0000000000
53434  -8.325  -91.431  -10.997 0.0000000000
162662  -6.388  -92.771  -8.939 0.0000000000
128179  -6.367  -92.816  -8.057 0.0000000000
91178  -6.544  -92.742  -9.640 0.0000000000
162661  -6.816  -93.151  -9.221 0.0000000000
28603  -6.759  -93.151  -8.504 0.0000000000
40568  -6.974  -93.146  -9.777 0.0000000000
162660  -7.202  -93.524  -9.467 0.0000000000
63031  -7.140  -93.471  -8.921 0.0000000000
162659  -7.356  -93.541  -9.863 0.0000000000
162657  -7.536  -93.888  -9.532 0.0000000000
91176  -7.213  -93.131  -10.151 0.0000000000
162658  -7.639  -93.488  -10.124 0.0000000000
40567  -7.731  -93.834  -9.821 0.0000000000
22713  -7.654  -93.016  -10.407 0.0000000000
114609  -8.099  -93.264  -10.216 0.0000000000
91174  -8.055  -93.671  -10.060 0.0000000000
162653  -6.751  -89.352  -3.185 0.0000000000
130778  -6.959  -88.637  -2.689 0.0000000000
91170  -6.539  -90.013  -3.742 0.0000000000
162652  -7.439  -89.448  -3.163 0.0000000000
29588  -7.686  -88.735  -2.754 0.0000000000
40565  -7.212  -90.121  -3.756 0.0000000000
162651  -8.142  -89.517  -3.190 0.0000000000
65048  -8.396  -88.802  -2.751 0.0000000000
162650  -7.879  -90.184  -3.659 0.0000000000
162648  -8.898  -89.517  -2.942 0.0000000000
6098  -9.137  -88.829  -2.627 0.0000000000
91168  -7.015  -90.698  -4.246 0.0000000000
162649  -7.640  -90.791  -4.139 0.0000000000
40564  -8.652  -90.207  -3.454 0.0000000000
22710  -6.878  -91.225  -4.838 0.0000000000
114604  -7.468  -91.369  -4.611 0.0000000000
91166  -8.352  -90.824  -3.841 0.0000000000
162647  -9.604  -89.616  -2.675 0.0000000000
98933  -9.836  -88.951  -2.302 0.0000000000
91165  -9.293  -90.277  -3.100 0.0000000000
162646  -10.225  -89.711  -2.285 0.0000000000
14003  -10.506  -89.085  -1.930 0.0000000000
40563  -9.953  -90.344  -2.743 0.0000000000
162645  -10.813  -89.731  -1.980 0.0000000000
44723  -11.032  -89.207  -1.538 0.0000000000
162644  -10.633  -90.286  -2.362 0.0000000000
162636  -11.497  -89.750  -1.587 0.0000000000
828  -11.597  -89.305  -1.149 0.0000000000
91163  -9.752  -90.922  -3.097 0.0000000000
162643  -10.533  -90.824  -2.801 0.0000000000
40560  -11.385  -90.253  -2.029 0.0000000000
40562  -9.669  -91.476  -3.500 0.0000000000
162642  -10.562  -91.357  -3.233 0.0000000000
91156  -11.368  -90.765  -2.495 0.0000000000
162641  -9.793  -92.001  -3.950 0.0000000000
162639  -10.766  -91.880  -3.684 0.0000000000
10108  -11.495  -91.277  -2.905 0.0000000000
91161  -8.957  -92.115  -4.236 0.0000000000
162640  -9.185  -92.537  -4.708 0.0000000000
40561  -10.043  -92.457  -4.464 0.0000000000
22708  -8.330  -92.567  -5.061 0.0000000000
114600  -8.451  -92.963  -5.628 0.0000000000
162638  -10.921  -92.326  -4.150 0.0000000000
114598  -11.663  -91.765  -3.344 0.0000000000
22706  -11.797  -92.147  -3.853 0.0000000000
162635  -12.202  -89.748  -1.184 0.0000000000
115988  -12.241  -89.342  -0.732 0.0000000000
91155  -12.086  -90.258  -1.730 0.0000000000
162634  -12.739  -89.826  -0.765 0.0000000000
23378  -12.783  -89.381  -0.287 0.0000000000
40559  -12.786  -90.321  -1.188 0.0000000000
162633  -13.209  -90.005  -0.127 0.0000000000
54323  -13.182  -89.546  0.280 0.0000000000
162632  -13.329  -90.426  -0.538 0.0000000000
162630  -13.596  -90.201  0.575 0.0000000000
2748  -13.507  -89.792  0.980 0.0000000000
91153  -12.919  -90.776  -1.578 0.0000000000
162631  -13.484  -90.848  -0.979 0.0000000000
40558  -13.759  -90.587  0.118 0.0000000000
22705  -13.090  -91.193  -1.994 0.0000000000
114595  -13.689  -91.232  -1.423 0.0000000000
91151  -13.929  -90.984  -0.372 0.0000000000
162629  -13.822  -90.557  1.334 0.0000000000
92498  -13.639  -90.149  1.680 0.0000000000
91150  -13.939  -90.896  0.756 0.0000000000
162628  -13.849  -90.880  1.955 0.0000000000
10428  -13.703  -90.500  2.370 0.0000000000
35927  -13.993  -91.264  1.460 0.0000000000
148763  -13.773  -91.250  2.653 0.0000000000
41148  -13.636  -90.836  3.046 0.0000000000
148762  -13.520  -91.598  3.469 0.0000000000
34  -13.421  -91.224  3.756 0.0000000000
148764  -13.873  -91.592  2.280 0.0000000000
35926  -13.612  -91.936  3.155 0.0000000000
158496  -13.097  -91.690  4.413 0.0000000000
158497  -13.196  -92.072  4.191 0.0000000000
137361  -11.674  -86.591  -12.958 0.0000000000
44052  -10.993  -86.111  -13.104 0.0000000000
70245  -12.389  -86.984  -12.533 0.0000000000
137360  -11.451  -87.367  -12.515 0.0000000000
13332  -10.765  -86.957  -12.806 0.0000000000
137359  -11.128  -87.981  -11.976 0.0000000000
97724  -10.583  -87.717  -12.424 0.0000000000
137356  -10.778  -88.579  -11.511 0.0000000000
5652  -10.348  -88.358  -12.012 0.0000000000
137355  -10.328  -89.093  -11.068 0.0000000000
63032  -9.968  -89.014  -11.612 0.0000000000
28604  -9.486  -89.631  -11.255 0.0000000000
130777  -7.839  -88.146  -2.350 0.0000000000
42319  -7.103  -88.060  -2.243 0.0000000000
65047  -8.584  -88.205  -2.412 0.0000000000
130776  -8.745  -87.653  -2.045 0.0000000000
11599  -7.999  -87.585  -1.977 0.0000000000
29587  -9.476  -87.706  -2.065 0.0000000000
130775  -9.638  -87.215  -1.681 0.0000000000
94605  -8.903  -87.124  -1.684 0.0000000000
130774  -10.309  -87.351  -1.510 0.0000000000
130772  -10.421  -86.893  -1.118 0.0000000000
3919  -9.777  -86.690  -1.336 0.0000000000
65045  -10.234  -87.830  -1.769 0.0000000000
130773  -11.007  -87.540  -1.103 0.0000000000
29586  -11.052  -87.087  -0.826 0.0000000000
14002  -10.879  -88.036  -1.390 0.0000000000
98930  -11.584  -87.772  -0.720 0.0000000000
65043  -11.643  -87.342  -0.368 0.0000000000
130771  -11.123  -86.643  -0.451 0.0000000000
57834  -10.497  -86.380  -0.787 0.0000000000
65042  -11.710  -86.904  -0.023 0.0000000000
130770  -11.795  -86.492  0.350 0.0000000000
25485  -11.182  -86.197  -0.102 0.0000000000
29585  -12.274  -86.729  0.872 0.0000000000
130769  -12.332  -86.304  1.244 0.0000000000
120903  -11.819  -86.076  0.710 0.0000000000
128222  -15.502  -78.931  -10.792 0.0000000000
2522  -15.138  -79.447  -11.162 0.0000000000
128224  -15.318  -78.869  -10.184 0.0000000000
128210  -17.679  -81.613  -8.968 0.0000000000
53450  -17.232  -82.005  -9.545 0.0000000000
63053  -18.252  -81.233  -8.402 0.0000000000
128209  -17.899  -81.831  -8.688 0.0000000000
22730  -17.324  -82.272  -9.228 0.0000000000
28616  -18.483  -81.425  -8.185 0.0000000000
128208  -18.150  -82.037  -8.397 0.0000000000
114640  -17.573  -82.516  -8.940 0.0000000000
128207  -18.762  -81.660  -7.919 0.0000000000
128205  -18.517  -82.305  -8.151 0.0000000000
5658  -17.962  -82.692  -8.634 0.0000000000
63051  -19.131  -81.032  -7.601 0.0000000000
128206  -19.414  -81.375  -7.473 0.0000000000
28615  -19.174  -81.957  -7.635 0.0000000000
13338  -19.768  -80.742  -7.130 0.0000000000
97734  -20.246  -81.073  -6.910 0.0000000000
63049  -19.951  -81.685  -7.171 0.0000000000
128204  -19.026  -82.601  -7.908 0.0000000000
91225  -18.445  -83.007  -8.475 0.0000000000
63048  -19.696  -82.327  -7.436 0.0000000000
128203  -19.578  -82.913  -7.823 0.0000000000
28613  -20.353  -82.533  -7.439 0.0000000000
13335  -9.252  -85.719  -10.825 0.0000000000
97729  -8.819  -86.643  -11.051 0.0000000000
63041  -8.185  -87.234  -10.529 0.0000000000
63036  -8.557  -88.291  -11.983 0.0000000000
128185  -8.994  -88.553  -12.206 0.0000000000
28606  -8.670  -89.292  -11.969 0.0000000000
13333  -9.277  -87.788  -12.275 0.0000000000
97725  -9.784  -88.097  -12.312 0.0000000000
63034  -9.489  -88.811  -12.005 0.0000000000
128183  -8.327  -89.965  -11.850 0.0000000000
91180  -7.588  -90.301  -11.739 0.0000000000
63033  -9.124  -89.523  -11.696 0.0000000000
128182  -8.772  -90.103  -11.462 0.0000000000
128180  -9.170  -90.182  -10.939 0.0000000000
1405  -8.904  -90.876  -10.730 0.0000000000
128178  -6.843  -93.151  -7.596 0.0000000000
53427  -6.558  -92.727  -7.121 0.0000000000
63030  -7.209  -93.460  -8.150 0.0000000000
128177  -7.396  -93.385  -7.310 0.0000000000
22707  -7.140  -93.018  -6.771 0.0000000000
114599  -7.818  -93.218  -6.516 0.0000000000
120922  -3.924  -84.781  -2.440 0.0000000000
48244  -3.792  -84.185  -2.558 0.0000000000
57847  -4.172  -85.456  -2.319 0.0000000000
120921  -4.260  -84.896  -1.819 0.0000000000
17524  -4.019  -84.321  -1.920 0.0000000000
25492  -4.701  -85.481  -1.871 0.0000000000
120920  -4.779  -84.938  -1.395 0.0000000000
105270  -4.365  -84.385  -1.350 0.0000000000
120919  -5.293  -85.473  -1.450 0.0000000000
120917  -5.399  -84.857  -0.988 0.0000000000
3922  -4.818  -84.380  -0.887 0.0000000000
57845  -5.189  -85.998  -1.905 0.0000000000
120918  -5.792  -85.970  -1.456 0.0000000000
25491  -5.942  -85.367  -1.050 0.0000000000
11602  -5.640  -86.541  -1.934 0.0000000000
94610  -6.263  -86.359  -1.407 0.0000000000
57843  -6.414  -85.794  -1.003 0.0000000000
120916  -6.042  -84.746  -0.559 0.0000000000
75609  -5.420  -84.318  -0.452 0.0000000000
57842  -6.551  -85.223  -0.565 0.0000000000
120915  -6.651  -84.672  -0.103 0.0000000000
25490  -6.088  -84.249  -0.039 0.0000000000
115987  -12.787  -89.042  0.125 0.0000000000
44719  -12.267  -88.989  -0.354 0.0000000000
54322  -13.207  -89.218  0.687 0.0000000000
115986  -13.182  -88.869  1.063 0.0000000000
13999  -12.822  -88.695  0.522 0.0000000000
23377  -13.472  -89.130  1.663 0.0000000000
115985  -13.460  -88.763  2.030 0.0000000000
98925  -13.227  -88.499  1.445 0.0000000000
115984  -13.554  -89.134  2.685 0.0000000000
115982  -13.529  -88.768  3.092 0.0000000000
2747  -13.461  -88.378  2.437 0.0000000000
54320  -13.555  -89.483  2.294 0.0000000000
115983  -13.499  -89.497  3.269 0.0000000000
23376  -13.473  -89.132  3.649 0.0000000000
10427  -13.522  -89.831  3.034 0.0000000000
92495  -13.365  -89.852  3.935 0.0000000000
54318  -13.316  -89.483  4.221 0.0000000000
115981  -13.369  -88.766  4.013 0.0000000000
65034  -13.491  -88.403  3.406 0.0000000000
54317  -13.239  -89.108  4.534 0.0000000000
115980  -13.122  -88.763  4.854 0.0000000000
23375  -13.321  -88.428  4.310 0.0000000000
114665  -12.889  -81.069  -10.770 0.0000000000
91265  -12.269  -81.641  -10.225 0.0000000000
53463  -13.652  -80.522  -11.238 0.0000000000
114664  -13.085  -81.154  -11.609 0.0000000000
22742  -14.081  -80.701  -11.950 0.0000000000
114662  -13.484  -81.480  -12.286 0.0000000000
10122  -12.946  -82.168  -12.610 0.0000000000
114661  -14.593  -81.048  -12.463 0.0000000000
91258  -14.009  -81.753  -12.735 0.0000000000
53461  -15.138  -80.310  -12.151 0.0000000000
114660  -15.592  -80.683  -12.396 0.0000000000
22740  -16.115  -79.966  -12.066 0.0000000000
114658  -16.409  -80.345  -11.947 0.0000000000
10121  -16.431  -80.689  -11.699 0.0000000000
114657  -16.849  -79.696  -11.592 0.0000000000
91251  -16.953  -80.097  -11.348 0.0000000000
53459  -16.515  -79.292  -11.707 0.0000000000
114656  -17.245  -79.004  -11.234 0.0000000000
22738  -16.809  -78.635  -11.226 0.0000000000
114654  -17.525  -78.340  -10.864 0.0000000000
114652  -19.680  -78.110  -7.972 0.0000000000
91243  -19.358  -78.837  -8.297 0.0000000000
53456  -19.936  -77.387  -7.560 0.0000000000
114651  -20.252  -77.538  -7.279 0.0000000000
22735  -20.433  -76.855  -6.907 0.0000000000
114649  -20.759  -77.159  -6.719 0.0000000000
7140  -21.056  -77.336  -6.467 0.0000000000
137370  -21.331  -76.674  -6.152 0.0000000000
137371  -20.942  -76.382  -6.310 0.0000000000
114647  -15.515  -83.398  -11.317 0.0000000000
91235  -14.942  -84.004  -11.883 0.0000000000
53453  -16.030  -82.938  -10.764 0.0000000000
114646  -15.778  -83.941  -10.889 0.0000000000
22732  -16.233  -83.345  -10.324 0.0000000000
114644  -16.222  -84.226  -10.591 0.0000000000
114643  -16.704  -83.607  -10.039 0.0000000000
91228  -16.701  -84.408  -10.293 0.0000000000
53451  -16.791  -82.770  -9.740 0.0000000000
114642  -17.085  -83.040  -9.486 0.0000000000
22731  -17.113  -83.778  -9.763 0.0000000000
114641  -17.436  -83.235  -9.217 0.0000000000
162721  -17.542  -84.010  -9.549 0.0000000000
91227  -17.963  -83.437  -8.999 0.0000000000
114633  -8.338  -83.351  -4.960 0.0000000000
91212  -7.999  -82.701  -4.391 0.0000000000
10116  -8.751  -82.040  -4.012 0.0000000000
53445  -8.654  -84.037  -5.491 0.0000000000
114632  -7.672  -83.970  -5.242 0.0000000000
22724  -7.971  -84.639  -5.775 0.0000000000
114630  -7.028  -84.568  -5.490 0.0000000000
10115  -6.055  -84.379  -5.262 0.0000000000
114629  -7.315  -85.268  -6.070 0.0000000000
91205  -6.339  -85.154  -5.844 0.0000000000
53443  -8.333  -85.136  -6.443 0.0000000000
114628  -7.641  -85.739  -6.797 0.0000000000
114611  -7.697  -92.470  -10.701 0.0000000000
91175  -7.204  -92.672  -10.544 0.0000000000
53433  -8.166  -92.180  -10.688 0.0000000000
114610  -8.127  -92.755  -10.433 0.0000000000
22712  -8.609  -92.426  -10.315 0.0000000000
114606  -6.219  -91.501  -5.590 0.0000000000
91167  -6.264  -91.060  -4.975 0.0000000000
53430  -6.278  -91.949  -6.095 0.0000000000
114605  -6.796  -91.750  -5.316 0.0000000000
22709  -6.881  -92.250  -5.780 0.0000000000
114603  -7.421  -91.997  -5.027 0.0000000000
10109  -8.195  -91.433  -4.244 0.0000000000
114602  -7.507  -92.460  -5.540 0.0000000000
91160  -8.211  -92.054  -4.585 0.0000000000
53428  -6.996  -92.662  -6.280 0.0000000000
114601  -7.585  -92.882  -6.022 0.0000000000
114597  -12.536  -91.647  -2.928 0.0000000000
91152  -12.339  -91.236  -2.540 0.0000000000
114596  -13.257  -91.575  -2.574 0.0000000000
114594  -13.833  -91.612  -2.159 0.0000000000
8555  -14.141  -91.364  -0.930 0.0000000000
148769  -14.341  -91.648  -1.464 0.0000000000
105277  -4.212  -82.408  -2.789 0.0000000000
75619  -4.604  -81.876  -2.768 0.0000000000
48247  -3.952  -82.979  -2.770 0.0000000000
105276  -3.942  -82.510  -2.190 0.0000000000
17527  -4.123  -81.868  -2.202 0.0000000000
17526  -3.823  -83.100  -2.106 0.0000000000
105274  -3.820  -82.629  -1.546 0.0000000000
105275  -3.906  -81.994  -1.596 0.0000000000
143943  -4.038  -81.289  -1.724 0.0000000000
7987  -3.835  -82.097  -0.940 0.0000000000
75618  -3.871  -81.417  -1.063 0.0000000000
105273  -3.862  -83.240  -1.387 0.0000000000
75612  -3.865  -82.712  -0.820 0.0000000000
48245  -3.836  -83.731  -1.967 0.0000000000
105272  -4.067  -83.825  -1.365 0.0000000000
17525  -4.084  -83.338  -0.769 0.0000000000
105271  -4.403  -83.869  -0.818 0.0000000000
143934  -4.421  -83.379  -0.221 0.0000000000
75611  -4.835  -83.852  -0.327 0.0000000000
98932  -10.687  -88.551  -1.695 0.0000000000
65044  -10.032  -88.381  -2.070 0.0000000000
44722  -11.268  -88.687  -1.264 0.0000000000
98931  -11.456  -88.264  -0.955 0.0000000000
14001  -11.922  -88.425  -0.469 0.0000000000
98929  -12.059  -88.003  -0.188 0.0000000000
6097  -12.156  -87.561  0.110 0.0000000000
98928  -12.489  -88.197  0.365 0.0000000000
65037  -12.585  -87.789  0.695 0.0000000000
44720  -12.372  -88.587  0.037 0.0000000000
98927  -12.914  -88.338  0.907 0.0000000000
14000  -12.943  -87.987  1.321 0.0000000000
98926  -13.250  -88.174  1.852 0.0000000000
130764  -13.252  -87.851  2.255 0.0000000000
65036  -13.443  -88.097  2.779 0.0000000000
97736  -20.157  -80.079  -6.797 0.0000000000
63050  -19.475  -80.437  -7.261 0.0000000000
44058  -20.964  -79.731  -6.305 0.0000000000
97735  -20.540  -80.449  -6.600 0.0000000000
13337  -21.453  -80.107  -6.189 0.0000000000
97733  -21.118  -80.735  -6.562 0.0000000000
5657  -20.817  -81.352  -6.798 0.0000000000
143974  -21.731  -80.949  -6.434 0.0000000000
143975  -22.038  -80.327  -6.189 0.0000000000
97731  -9.776  -85.049  -11.490 0.0000000000
63042  -9.664  -84.916  -10.579 0.0000000000
44055  -10.020  -85.315  -12.256 0.0000000000
97730  -9.396  -85.919  -11.707 0.0000000000
13334  -9.718  -86.179  -12.344 0.0000000000
97728  -9.068  -86.841  -11.828 0.0000000000
5654  -8.505  -87.360  -11.356 0.0000000000
97727  -9.463  -86.978  -12.309 0.0000000000
63035  -8.808  -87.563  -11.922 0.0000000000
44053  -10.179  -86.519  -12.730 0.0000000000
97726  -9.993  -87.380  -12.603 0.0000000000
94612  -5.456  -87.089  -2.424 0.0000000000
57844  -5.000  -86.589  -2.395 0.0000000000
42322  -5.920  -87.468  -2.300 0.0000000000
94611  -6.120  -86.926  -1.844 0.0000000000
11601  -6.593  -87.239  -1.798 0.0000000000
94609  -6.846  -86.686  -1.382 0.0000000000
3921  -6.906  -86.141  -1.010 0.0000000000
94608  -7.375  -86.921  -1.430 0.0000000000
57837  -7.553  -86.394  -1.060 0.0000000000
42320  -7.204  -87.489  -1.820 0.0000000000
94607  -8.070  -87.065  -1.570 0.0000000000
11600  -8.232  -86.539  -1.205 0.0000000000
94606  -8.968  -86.633  -1.300 0.0000000000
120908  -9.089  -86.160  -0.960 0.0000000000
57836  -9.879  -86.201  -1.006 0.0000000000
92497  -13.592  -90.166  2.701 0.0000000000
54319  -13.579  -89.802  2.103 0.0000000000
41147  -13.544  -90.535  3.317 0.0000000000
92496  -13.427  -90.203  3.654 0.0000000000
10426  -13.256  -90.593  4.229 0.0000000000
92494  -13.126  -90.242  4.510 0.0000000000
2746  -13.037  -89.851  4.799 0.0000000000
158250  -12.643  -90.099  5.347 0.0000000000
158251  -12.751  -90.525  5.106 0.0000000000
91277  -11.823  -81.699  -5.983 0.0000000000
91279  -11.613  -81.196  -5.117 0.0000000000
91267  -11.627  -82.175  -9.606 0.0000000000
91262  -12.467  -82.838  -12.745 0.0000000000
91260  -13.486  -82.458  -12.909 0.0000000000
91255  -16.553  -80.921  -11.326 0.0000000000
91253  -16.986  -80.368  -11.029 0.0000000000
91245  -18.864  -79.518  -8.624 0.0000000000
91240  -21.327  -77.559  -6.284 0.0000000000
137366  -22.017  -77.141  -5.812 0.0000000000
137367  -21.665  -76.862  -5.928 0.0000000000
91237  -14.435  -84.525  -12.439 0.0000000000
91214  -7.750  -82.081  -3.848 0.0000000000
91216  -8.432  -81.479  -3.498 0.0000000000
91209  -5.101  -84.135  -5.029 0.0000000000
91207  -5.361  -84.837  -5.644 0.0000000000
91199  -3.778  -86.478  -5.542 0.0000000000
91194  -4.537  -89.196  -4.897 0.0000000000
91192  -4.670  -89.743  -5.707 0.0000000000
91187  -5.136  -91.100  -8.975 0.0000000000
91185  -5.310  -90.997  -9.880 0.0000000000
91177  -6.821  -92.671  -10.188 0.0000000000
91169  -6.368  -90.575  -4.350 0.0000000000
91164  -9.032  -90.887  -3.501 0.0000000000
91162  -8.935  -91.488  -3.810 0.0000000000
91154  -12.217  -90.731  -2.081 0.0000000000
91149  -14.167  -91.301  0.247 0.0000000000
148765  -14.176  -91.581  1.039 0.0000000000
148766  -14.457  -91.551  -0.205 0.0000000000
75621  -5.058  -81.363  -2.562 0.0000000000
75622  -5.648  -80.901  -2.284 0.0000000000
143947  -6.261  -80.343  -1.952 0.0000000000
34297  -4.903  -80.801  -2.030 0.0000000000
143946  -5.456  -80.282  -1.774 0.0000000000
75620  -4.459  -81.302  -2.188 0.0000000000
143944  -4.363  -80.730  -1.658 0.0000000000
75616  -3.843  -81.584  -0.370 0.0000000000
75617  -3.843  -80.936  -0.489 0.0000000000
34296  -3.999  -80.782  -1.124 0.0000000000
143941  -3.957  -80.289  -0.536 0.0000000000
34295  -3.813  -81.090  0.177 0.0000000000
143940  -3.756  -80.455  0.140 0.0000000000
75614  -3.892  -82.220  -0.254 0.0000000000
75615  -3.925  -81.757  0.291 0.0000000000
143938  -3.926  -81.270  0.805 0.0000000000
34294  -4.158  -82.345  0.278 0.0000000000
143937  -4.185  -81.914  0.828 0.0000000000
75613  -4.092  -82.779  -0.254 0.0000000000
143935  -4.481  -82.825  0.224 0.0000000000
75610  -5.524  -83.808  0.050 0.0000000000
34293  -4.917  -83.349  0.194 0.0000000000
65046  -9.355  -88.215  -2.395 0.0000000000
65041  -12.173  -87.161  0.458 0.0000000000
65039  -12.621  -87.398  1.013 0.0000000000
65040  -12.658  -87.010  1.378 0.0000000000
130768  -12.727  -86.601  1.802 0.0000000000
29584  -13.020  -87.281  1.979 0.0000000000
130767  -13.045  -86.897  2.360 0.0000000000
65038  -12.986  -87.637  1.707 0.0000000000
130765  -13.243  -87.505  2.623 0.0000000000
65035  -13.457  -88.064  3.686 0.0000000000
29583  -13.398  -87.768  3.188 0.0000000000
130762  -13.336  -87.797  4.171 0.0000000000
130761  -13.250  -88.096  4.647 0.0000000000
63052  -18.827  -80.844  -7.836 0.0000000000
63047  -20.559  -81.969  -7.097 0.0000000000
143970  -21.185  -82.121  -7.156 0.0000000000
143971  -21.431  -81.571  -6.813 0.0000000000
63044  -9.593  -84.870  -9.687 0.0000000000
63039  -7.757  -87.873  -10.811 0.0000000000
63037  -8.116  -88.077  -11.470 0.0000000000
57846  -4.597  -86.019  -2.379 0.0000000000
57841  -7.090  -85.576  -0.592 0.0000000000
25489  -7.227  -85.043  -0.157 0.0000000000
57839  -7.626  -85.897  -0.669 0.0000000000
57840  -7.803  -85.309  -0.223 0.0000000000
57838  -8.331  -86.044  -0.823 0.0000000000
25488  -8.431  -85.541  -0.409 0.0000000000
120909  -9.174  -85.692  -0.573 0.0000000000
57835  -10.578  -85.982  -0.464 0.0000000000
25487  -9.957  -85.800  -0.649 0.0000000000
120906  -10.645  -85.596  -0.088 0.0000000000
120905  -11.221  -85.812  0.230 0.0000000000
54321  -13.487  -89.464  1.320 0.0000000000
54316  -12.975  -89.426  5.102 0.0000000000
23374  -12.906  -89.075  5.354 0.0000000000
158246  -12.414  -89.247  5.914 0.0000000000
158247  -12.530  -89.661  5.629 0.0000000000
53462  -14.620  -79.993  -11.567 0.0000000000
53460  -15.622  -79.561  -11.766 0.0000000000
53458  -15.989  -78.978  -11.326 0.0000000000
128221  -16.276  -78.458  -10.910 0.0000000000
53455  -20.087  -76.666  -7.174 0.0000000000
53457  -19.668  -77.227  -7.761 0.0000000000
53452  -16.587  -82.445  -10.182 0.0000000000
53444  -8.921  -84.441  -6.202 0.0000000000
53432  -8.686  -91.662  -10.521 0.0000000000
53429  -6.450  -92.399  -6.524 0.0000000000
48246  -3.791  -83.535  -2.654 0.0000000000
44721  -11.748  -88.859  -0.795 0.0000000000
350  -22.325  -78.634  -5.763 0.0000000000
44057  -21.849  -79.389  -5.943 0.0000000000
143976  -22.374  -79.658  -5.932 0.0000000000
143977  -22.747  -78.971  -5.691 0.0000000000
44054  -10.419  -85.656  -12.787 0.0000000000
42321  -6.462  -87.798  -2.220 0.0000000000
41146  -13.340  -90.894  3.998 0.0000000000
158252  -12.878  -90.917  4.861 0.0000000000
158253  -12.960  -91.224  4.673 0.0000000000
79607  -14.031  -91.903  1.895 0.0000000000
79606  -13.747  -92.334  2.744 0.0000000000
158498  -13.271  -92.488  3.883 0.0000000000
143945  -4.736  -80.140  -1.512 0.0000000000
143942  -4.270  -80.179  -1.061 0.0000000000
143939  -3.804  -80.651  0.774 0.0000000000
143936  -4.592  -82.421  0.763 0.0000000000
137365  -22.406  -77.517  -5.638 0.0000000000
130766  -13.206  -87.195  2.947 0.0000000000
130763  -13.321  -87.463  3.540 0.0000000000
120910  -9.285  -85.219  -0.126 0.0000000000
120911  -8.576  -85.057  -0.018 0.0000000000
120907  -10.039  -85.374  -0.247 0.0000000000
115979  -13.035  -88.431  5.173 0.0000000000
115978  -12.776  -88.737  5.644 0.0000000000
158245  -12.321  -88.901  6.097 0.0000000000
128220  -17.058  -78.049  -10.738 0.0000000000
137372  -20.620  -76.105  -6.571 0.0000000000
79608  -14.237  -92.247  1.504 0.0000000000
8554  -13.932  -92.671  2.382 0.0000000000
158499  -13.368  -92.896  3.501 0.0000000000
35928  -14.432  -91.844  0.628 0.0000000000
143933  -5.022  -82.883  0.668 0.0000000000
7986  -5.094  -82.437  1.173 0.0000000000
75608  -4.603  -81.973  1.251 0.0000000000
34292  -4.209  -81.428  1.302 0.0000000000
143930  -3.990  -80.796  1.309 0.0000000000
1399  -3.828  -80.114  1.307 0.0000000000
118383  -3.727  -79.940  0.698 0.0000000000
24405  -3.908  -79.747  0.003 0.0000000000
56034  -4.209  -79.628  -0.553 0.0000000000
3319  -4.642  -79.554  -0.955 0.0000000000
93525  -5.389  -79.630  -1.260 0.0000000000
10999  -6.148  -79.711  -1.503 0.0000000000
34307  -22.075  -81.729  -6.991 0.0000000000
75640  -21.743  -82.219  -7.444 0.0000000000
143973  -22.307  -81.188  -6.594 0.0000000000
34308  -22.564  -80.613  -6.271 0.0000000000
75643  -23.208  -80.726  -6.485 0.0000000000
143972  -22.964  -81.253  -6.869 0.0000000000
75645  -22.902  -79.963  -6.024 0.0000000000
34309  -23.261  -79.277  -5.846 0.0000000000
39097  -11.828  -89.460  6.402 0.0000000000
87495  -11.724  -89.080  6.573 0.0000000000
158249  -11.991  -89.896  6.107 0.0000000000
39098  -12.114  -90.376  5.892 0.0000000000
87498  -11.281  -90.162  6.595 0.0000000000
158248  -11.141  -89.702  6.802 0.0000000000
87500  -12.255  -90.835  5.681 0.0000000000
39099  -12.377  -91.238  5.494 0.0000000000
158495  -12.529  -91.686  5.290 0.0000000000
39180  -12.696  -92.177  5.091 0.0000000000
87703  -12.038  -92.139  5.904 0.0000000000
158494  -11.781  -91.674  6.062 0.0000000000
87705  -12.789  -92.608  4.897 0.0000000000
39181  -12.816  -93.064  4.596 0.0000000000
158501  -12.880  -93.515  4.173 0.0000000000
87708  -12.330  -94.176  4.796 0.0000000000
158500  -12.290  -93.676  5.178 0.0000000000
21555  -11.673  -94.237  5.614 0.0000000000
112527  -11.618  -93.720  5.974 0.0000000000
87706  -12.265  -93.167  5.523 0.0000000000
39179  -11.104  -92.082  6.442 0.0000000000
158493  -10.870  -91.500  6.558 0.0000000000
87501  -11.632  -91.158  6.242 0.0000000000
158492  -10.082  -91.854  6.861 0.0000000000
158490  -9.864  -91.229  6.913 0.0000000000
9621  -10.623  -90.886  6.744 0.0000000000
87701  -10.378  -92.500  6.846 0.0000000000
158491  -9.288  -92.179  7.219 0.0000000000
39178  -9.040  -91.543  7.134 0.0000000000
21553  -9.579  -92.875  7.243 0.0000000000
112523  -8.621  -92.518  7.436 0.0000000000
87699  -8.343  -91.918  7.318 0.0000000000
158489  -8.872  -91.028  7.110 0.0000000000
112404  -9.625  -90.630  7.090 0.0000000000
87698  -8.185  -91.378  7.177 0.0000000000
158488  -8.067  -90.874  7.176 0.0000000000
21486  -8.743  -90.544  7.258 0.0000000000
39177  -7.379  -91.215  7.292 0.0000000000
158487  -7.276  -90.618  7.391 0.0000000000
52206  -7.961  -90.319  7.427 0.0000000000
21485  -10.353  -89.960  7.020 0.0000000000
112401  -10.236  -89.527  7.213 0.0000000000
87496  -11.023  -89.297  6.984 0.0000000000
17535  -23.849  -80.741  -6.810 0.0000000000
105289  -23.538  -81.249  -7.245 0.0000000000
75641  -22.648  -81.737  -7.332 0.0000000000
143929  -4.281  -80.887  1.756 0.0000000000
46434  -4.051  -80.243  1.777 0.0000000000
118385  -3.909  -79.185  0.466 0.0000000000
118384  -3.771  -79.359  1.097 0.0000000000
112526  -10.856  -93.708  6.625 0.0000000000
9648  -11.547  -93.227  6.204 0.0000000000
112528  -10.953  -94.238  6.348 0.0000000000
21554  -10.139  -94.151  7.001 0.0000000000
112525  -9.933  -93.539  7.173 0.0000000000
87700  -10.677  -93.123  6.792 0.0000000000
52273  -9.212  -93.887  7.413 0.0000000000
112524  -8.952  -93.214  7.479 0.0000000000
21552  -8.296  -93.575  7.716 0.0000000000
112522  -8.020  -92.900  7.642 0.0000000000
9647  -7.699  -92.295  7.536 0.0000000000
112521  -7.448  -93.293  7.899 0.0000000000
87693  -7.127  -92.690  7.709 0.0000000000
52271  -7.701  -93.943  7.952 0.0000000000
112520  -6.975  -93.732  8.195 0.0000000000
21551  -6.676  -93.091  8.113 0.0000000000
21550  -7.191  -94.313  8.221 0.0000000000
112518  -6.542  -94.028  8.517 0.0000000000
112519  -6.237  -93.457  8.483 0.0000000000
158482  -5.913  -92.812  8.373 0.0000000000
5263  -5.832  -93.708  8.877 0.0000000000
87692  -5.515  -93.116  8.774 0.0000000000
126557  -6.145  -94.276  8.813 0.0000000000
126558  -6.708  -94.601  8.453 0.0000000000
112403  -9.545  -90.234  7.195 0.0000000000
87497  -10.448  -90.395  6.897 0.0000000000
52205  -8.654  -90.096  7.468 0.0000000000
112402  -9.468  -89.793  7.369 0.0000000000
105288  -24.178  -81.302  -7.664 0.0000000000
7992  -23.238  -81.723  -7.732 0.0000000000
105290  -24.540  -80.875  -7.180 0.0000000000
17534  -25.176  -80.956  -7.608 0.0000000000
105287  -24.863  -81.288  -8.054 0.0000000000
75635  -23.818  -81.713  -8.157 0.0000000000
93527  -6.003  -79.047  -1.149 0.0000000000
93526  -5.235  -78.983  -0.871 0.0000000000
87707  -11.716  -94.767  5.278 0.0000000000
112529  -10.994  -94.801  6.034 0.0000000000
112530  -11.022  -95.322  5.715 0.0000000000
87704  -12.216  -92.690  5.737 0.0000000000
87702  -11.383  -92.650  6.349 0.0000000000
87697  -7.501  -91.761  7.389 0.0000000000
87695  -6.817  -92.140  7.675 0.0000000000
87696  -6.701  -91.612  7.467 0.0000000000
158486  -6.604  -90.946  7.442 0.0000000000
39176  -6.078  -91.905  7.780 0.0000000000
158485  -5.941  -91.243  7.683 0.0000000000
87694  -6.322  -92.502  7.966 0.0000000000
158483  -5.548  -92.183  8.133 0.0000000000
87690  -5.266  -93.320  9.239 0.0000000000
87691  -4.914  -92.653  9.083 0.0000000000
39175  -5.175  -92.434  8.562 0.0000000000
158480  -4.529  -91.850  8.895 0.0000000000
27905  -4.724  -92.858  9.668 0.0000000000
158479  -4.313  -92.050  9.457 0.0000000000
126553  -5.093  -93.553  9.821 0.0000000000
126554  -5.552  -93.923  9.316 0.0000000000
87499  -11.421  -90.686  6.407 0.0000000000
75644  -23.446  -80.150  -6.191 0.0000000000
75646  -23.806  -79.568  -5.932 0.0000000000
17533  -24.427  -81.634  -8.571 0.0000000000
75606  -5.104  -81.975  1.607 0.0000000000
75607  -4.651  -81.479  1.682 0.0000000000
56036  -4.572  -78.945  -0.554 0.0000000000
56035  -4.169  -79.034  -0.098 0.0000000000
52272  -8.518  -94.266  7.655 0.0000000000
52274  -9.395  -94.578  7.246 0.0000000000
2364  -8.680  -94.938  7.513 0.0000000000
52270  -7.839  -94.603  7.907 0.0000000000
126559  -7.319  -94.923  8.123 0.0000000000
126560  -7.986  -95.264  7.778 0.0000000000
158484  -5.344  -91.452  7.993 0.0000000000
158481  -4.872  -91.647  8.405 0.0000000000
126551  -4.165  -92.287  10.141 0.0000000000
126552  -4.608  -93.103  10.375 0.0000000000
52275  -10.213  -94.781  6.738 0.0000000000
105285  -24.870  -81.574  -9.024 0.0000000000
105286  -25.314  -81.317  -8.494 0.0000000000
52276  -9.487  -95.169  7.003 0.0000000000
126561  -8.784  -95.530  7.303 0.0000000000
46436  -3.888  -79.513  1.642 0.0000000000
21556  -10.244  -95.344  6.400 0.0000000000
158506  -9.542  -95.693  6.719 0.0000000000
158507  -10.313  -95.804  6.097 0.0000000000
27906  -5.346  -94.183  9.851 0.0000000000
61868  -4.957  -93.799  10.452 0.0000000000
126556  -5.791  -94.511  9.251 0.0000000000
27907  -6.269  -94.888  8.689 0.0000000000
61871  -5.872  -95.174  9.058 0.0000000000
126555  -5.503  -94.839  9.723 0.0000000000
61873  -6.848  -95.260  8.293 0.0000000000
27908  -7.497  -95.625  7.913 0.0000000000
126562  -8.105  -95.859  7.576 0.0000000000
27909  -8.830  -96.026  7.039 0.0000000000
61875  -7.619  -96.278  7.712 0.0000000000
126563  -8.137  -96.451  7.297 0.0000000000
27910  -7.521  -96.870  7.439 0.0000000000
87713  -9.549  -96.135  6.447 0.0000000000
12943  -5.504  -95.544  9.458 0.0000000000
97025  -5.181  -95.190  10.178 0.0000000000
61869  -5.132  -94.494  10.382 0.0000000000
97024  -4.857  -95.421  10.662 0.0000000000
5262  -4.980  -94.737  10.963 0.0000000000
97026  -5.206  -95.928  9.859 0.0000000000
12942  -4.963  -96.208  10.355 0.0000000000
97023  -4.834  -95.783  11.161 0.0000000000
61863  -4.778  -95.043  11.482 0.0000000000
43661  -5.059  -96.532  10.827 0.0000000000
97022  -4.945  -96.048  11.585 0.0000000000
12941  -4.785  -95.333  12.010 0.0000000000
12940  -5.305  -96.678  11.260 0.0000000000
97020  -5.295  -96.116  11.961 0.0000000000
97021  -4.979  -95.451  12.420 0.0000000000
126545  -4.728  -94.752  12.787 0.0000000000
5260  -5.373  -95.404  12.649 0.0000000000
61862  -5.025  -94.745  13.170 0.0000000000
135875  -5.745  -95.982  12.094 0.0000000000
135876  -5.752  -96.663  11.498 0.0000000000
61874  -6.997  -96.023  8.079 0.0000000000
61876  -7.018  -96.675  7.864 0.0000000000
5264  -6.470  -96.409  8.294 0.0000000000
61872  -6.371  -95.599  8.514 0.0000000000
61870  -5.912  -95.958  8.812 0.0000000000
97027  -5.554  -96.357  9.145 0.0000000000
97028  -5.990  -96.824  8.535 0.0000000000
61867  -4.803  -94.056  11.096 0.0000000000
27904  -4.458  -93.330  11.075 0.0000000000
61865  -4.675  -94.313  11.708 0.0000000000
61866  -4.372  -93.590  11.812 0.0000000000
61864  -4.638  -94.584  12.281 0.0000000000
43660  -5.436  -97.267  10.534 0.0000000000
43662  -5.314  -97.065  10.053 0.0000000000
576  -5.624  -97.846  9.751 0.0000000000
135877  -5.744  -97.349  10.874 0.0000000000
135878  -5.813  -97.977  10.178 0.0000000000
126565  -6.949  -97.297  7.602 0.0000000000
43663  -5.336  -96.766  9.524 0.0000000000
97029  -6.459  -97.116  8.041 0.0000000000
61860  -5.406  -94.673  13.337 0.0000000000
135872  -5.820  -95.240  12.739 0.0000000000
43664  -5.594  -97.607  9.255 0.0000000000
43666  -5.818  -98.198  9.064 0.0000000000
135879  -5.878  -98.389  9.584 0.0000000000
12944  -5.702  -97.272  8.846 0.0000000000
43665  -5.851  -97.891  8.591 0.0000000000
97031  -6.101  -98.088  7.925 0.0000000000
12946  -6.005  -98.386  8.410 0.0000000000
97030  -6.044  -97.528  8.260 0.0000000000
158524  -5.996  -98.639  8.899 0.0000000000
12945  -6.492  -97.683  7.775 0.0000000000
97032  -6.260  -98.519  7.842 0.0000000000
158525  -6.180  -98.823  8.261 0.0000000000
31465  -6.217  -96.514  11.615 0.0000000000
135874  -6.236  -95.765  12.135 0.0000000000
69073  -6.206  -97.258  11.135 0.0000000000
31466  -6.136  -97.948  10.492 0.0000000000
135880  -6.110  -98.479  9.967 0.0000000000
31467  -6.154  -98.838  9.361 0.0000000000
69075  -6.463  -98.374  10.115 0.0000000000
135881  -6.410  -98.832  9.597 0.0000000000
31468  -6.813  -98.765  9.665 0.0000000000
135882  -6.779  -99.234  9.163 0.0000000000
87727  -6.445  -99.197  8.975 0.0000000000
6903  -6.767  -99.609  8.502 0.0000000000
135884  -7.216  -99.164  9.193 0.0000000000
135885  -7.194  -99.695  8.719 0.0000000000
31469  -7.643  -99.688  8.734 0.0000000000
69078  -7.701  -99.086  9.116 0.0000000000
135883  -7.294  -98.624  9.587 0.0000000000
135886  -7.589  -100.192  8.307 0.0000000000
112540  -7.142  -100.064  8.135 0.0000000000
69080  -8.024  -100.243  8.396 0.0000000000
87728  -6.257  -99.068  8.672 0.0000000000
15345  -7.842  -98.463  9.382 0.0000000000
101349  -7.472  -97.995  9.887 0.0000000000
69076  -6.936  -98.236  10.081 0.0000000000
69071  -6.774  -96.248  11.567 0.0000000000
135873  -6.851  -95.430  12.053 0.0000000000
31464  -6.318  -94.958  12.737 0.0000000000
15343  -7.405  -95.984  11.383 0.0000000000
101345  -7.487  -95.173  11.800 0.0000000000
69069  -6.886  -94.671  12.600 0.0000000000
101348  -7.699  -97.328  10.202 0.0000000000
6902  -7.100  -97.598  10.438 0.0000000000
101350  -8.104  -97.815  9.654 0.0000000000
15344  -8.382  -97.111  9.941 0.0000000000
101347  -7.919  -96.556  10.676 0.0000000000
69070  -7.268  -96.856  10.925 0.0000000000
46063  -8.643  -96.270  10.335 0.0000000000
101346  -8.145  -95.738  11.079 0.0000000000
15342  -8.831  -95.471  10.793 0.0000000000
101344  -8.180  -94.898  11.542 0.0000000000
31470  -8.370  -100.767  8.182 0.0000000000
69079  -8.163  -99.681  8.703 0.0000000000
69081  -8.542  -100.270  8.574 0.0000000000
6904  -8.738  -99.617  8.864 0.0000000000
69077  -8.319  -99.045  9.021 0.0000000000
101351  -8.527  -98.377  9.236 0.0000000000
101352  -8.949  -98.988  8.988 0.0000000000
69074  -6.571  -97.773  10.604 0.0000000000
69072  -6.677  -97.071  11.073 0.0000000000
46062  -9.393  -96.071  10.163 0.0000000000
46064  -9.130  -96.943  9.759 0.0000000000
1274  -9.887  -96.848  9.751 0.0000000000
46060  -10.154  -95.975  10.201 0.0000000000
46061  -9.573  -95.221  10.632 0.0000000000
101343  -8.879  -94.607  11.295 0.0000000000
15340  -10.346  -95.035  10.685 0.0000000000
101342  -9.631  -94.324  11.200 0.0000000000
117865  -10.923  -95.962  10.388 0.0000000000
117866  -10.602  -96.849  9.914 0.0000000000
135895  -8.891  -100.744  8.460 0.0000000000
135896  -8.726  -101.216  8.003 0.0000000000
46065  -8.813  -97.670  9.422 0.0000000000
101340  -10.425  -94.112  11.236 0.0000000000
117864  -11.055  -94.929  10.919 0.0000000000
135891  -9.353  -99.590  8.965 0.0000000000
135894  -9.098  -100.171  8.816 0.0000000000
46066  -9.488  -97.566  9.411 0.0000000000
117867  -10.202  -97.569  9.487 0.0000000000
15346  -9.174  -98.307  9.159 0.0000000000
135889  -9.792  -98.224  9.201 0.0000000000
135890  -9.563  -98.938  9.088 0.0000000000
24182  -11.346  -96.852  10.323 0.0000000000
55663  -11.548  -95.863  10.807 0.0000000000
117868  -10.945  -97.580  9.860 0.0000000000
24183  -10.537  -98.240  9.541 0.0000000000
55665  -11.631  -97.547  10.498 0.0000000000
117869  -11.235  -98.225  10.071 0.0000000000
24184  -11.791  -98.197  10.756 0.0000000000
117870  -11.379  -98.844  10.334 0.0000000000
69082  -10.803  -98.866  9.729 0.0000000000
3195  -11.005  -99.452  9.960 0.0000000000
117872  -11.867  -98.802  11.067 0.0000000000
117873  -11.534  -99.375  10.602 0.0000000000
24185  -11.934  -99.317  11.334 0.0000000000
55668  -12.196  -98.733  11.845 0.0000000000
117871  -12.169  -98.184  11.530 0.0000000000
117874  -11.706  -99.824  10.772 0.0000000000
101353  -11.259  -99.900  10.188 0.0000000000
15347  -11.496  -100.269  10.177 0.0000000000
55670  -12.101  -99.736  11.382 0.0000000000
117875  -11.903  -100.205  10.727 0.0000000000
24186  -12.423  -100.051  11.375 0.0000000000
117876  -12.401  -100.438  10.615 0.0000000000
46067  -11.867  -100.565  10.046 0.0000000000
1276  -12.376  -100.777  9.845 0.0000000000
158585  -12.886  -100.264  11.341 0.0000000000
158586  -12.905  -100.603  10.462 0.0000000000
69083  -10.138  -98.892  9.236 0.0000000000
31471  -9.902  -99.516  9.142 0.0000000000
135893  -9.654  -100.092  8.973 0.0000000000
31472  -9.387  -100.696  8.753 0.0000000000
69086  -9.940  -100.498  8.997 0.0000000000
135892  -10.175  -100.014  9.279 0.0000000000
69088  -9.222  -101.112  8.302 0.0000000000
39210  -13.413  -100.414  11.204 0.0000000000
87778  -13.352  -100.041  12.094 0.0000000000
158584  -12.863  -99.867  12.177 0.0000000000
158594  -13.441  -100.664  10.314 0.0000000000
158595  -12.842  -100.859  9.612 0.0000000000
158593  -13.975  -100.371  11.159 0.0000000000
46071  -12.288  -100.962  9.095 0.0000000000
39212  -14.538  -100.232  11.099 0.0000000000
158592  -14.456  -100.069  11.997 0.0000000000
87779  -13.885  -100.115  12.027 0.0000000000
158591  -15.042  -99.925  11.852 0.0000000000
158589  -14.946  -99.733  12.693 0.0000000000
9658  -14.325  -99.801  12.805 0.0000000000
39211  -15.593  -99.572  12.539 0.0000000000
158588  -15.440  -99.417  13.264 0.0000000000
112571  -14.772  -99.525  13.409 0.0000000000
87781  -16.197  -99.205  13.184 0.0000000000
158587  -15.999  -99.056  13.903 0.0000000000
21579  -15.305  -99.151  13.971 0.0000000000
27923  -16.721  -98.905  13.844 0.0000000000
126593  -16.540  -98.717  14.503 0.0000000000
52299  -15.865  -98.796  14.561 0.0000000000
39209  -13.310  -99.631  12.854 0.0000000000
158583  -12.907  -99.394  12.865 0.0000000000
55671  -12.496  -99.637  12.169 0.0000000000
158582  -13.281  -99.186  13.492 0.0000000000
158580  -12.899  -98.924  13.460 0.0000000000
3196  -12.611  -99.085  12.785 0.0000000000
87776  -13.720  -99.369  13.505 0.0000000000
158581  -13.644  -98.941  14.108 0.0000000000
39208  -13.246  -98.732  14.020 0.0000000000
21578  -14.171  -99.110  14.089 0.0000000000
112568  -14.033  -98.718  14.572 0.0000000000
87774  -13.569  -98.509  14.603 0.0000000000
158579  -12.962  -98.437  13.881 0.0000000000
93306  -12.724  -98.567  13.290 0.0000000000
87773  -13.236  -98.288  14.463 0.0000000000
158578  -13.012  -97.952  14.278 0.0000000000
10876  -12.788  -98.037  13.707 0.0000000000
33813  -13.228  -97.798  14.844 0.0000000000
142545  -13.024  -97.456  14.645 0.0000000000
41596  -12.880  -97.440  14.052 0.0000000000
15348  -10.458  -100.426  9.341 0.0000000000
101354  -10.699  -99.961  9.648 0.0000000000
69084  -10.418  -99.472  9.503 0.0000000000
126592  -17.065  -98.398  15.058 0.0000000000
1701  -16.416  -98.420  15.077 0.0000000000
126594  -17.235  -98.589  14.474 0.0000000000
27922  -17.781  -98.210  15.091 0.0000000000
142563  -16.857  -98.053  15.575 0.0000000000
142564  -17.554  -97.975  15.594 0.0000000000
10875  -12.437  -98.164  12.339 0.0000000000
93303  -12.452  -97.533  11.975 0.0000000000
55666  -12.165  -97.549  11.173 0.0000000000
112570  -14.678  -99.183  14.039 0.0000000000
87775  -14.233  -99.477  13.488 0.0000000000
52298  -15.195  -98.808  14.586 0.0000000000
112569  -14.576  -98.821  14.554 0.0000000000
21577  -15.086  -98.451  15.053 0.0000000000
112567  -14.445  -98.444  15.057 0.0000000000
7809  -13.933  -98.266  15.064 0.0000000000
142551  -14.347  -97.973  15.522 0.0000000000
142552  -14.930  -98.041  15.532 0.0000000000
101355  -10.992  -100.351  9.680 0.0000000000
93305  -12.659  -98.097  13.077 0.0000000000
55667  -12.462  -98.684  12.619 0.0000000000
41595  -12.757  -97.459  13.435 0.0000000000
93304  -12.654  -97.521  12.800 0.0000000000
10874  -12.744  -96.754  13.158 0.0000000000
93302  -12.676  -96.834  12.425 0.0000000000
3194  -12.382  -96.804  11.619 0.0000000000
87780  -16.938  -98.963  13.109 0.0000000000
126595  -17.416  -98.727  13.792 0.0000000000
126596  -17.618  -98.739  13.007 0.0000000000
87777  -13.715  -99.801  12.832 0.0000000000
87772  -13.528  -98.059  14.995 0.0000000000
142547  -13.441  -97.619  15.361 0.0000000000
142548  -13.836  -97.824  15.469 0.0000000000
69087  -9.710  -100.971  8.633 0.0000000000
69085  -10.257  -100.834  8.960 0.0000000000
101356  -10.801  -100.722  9.216 0.0000000000
55669  -12.291  -99.213  12.066 0.0000000000
55664  -11.931  -96.803  10.897 0.0000000000
55662  -12.110  -95.827  11.339 0.0000000000
24181  -11.665  -94.811  11.278 0.0000000000
52297  -15.750  -98.442  15.065 0.0000000000
142553  -15.545  -98.060  15.509 0.0000000000
142554  -16.185  -98.057  15.543 0.0000000000
46069  -11.799  -100.850  9.336 0.0000000000
46070  -11.729  -101.084  8.624 0.0000000000
15349  -11.219  -100.939  8.957 0.0000000000
46068  -11.293  -100.636  9.611 0.0000000000
41594  -12.823  -96.784  13.810 0.0000000000
61898  -17.957  -98.416  14.451 0.0000000000
61897  -18.535  -98.046  15.031 0.0000000000
142565  -18.284  -97.822  15.581 0.0000000000
61899  -18.743  -98.244  14.333 0.0000000000
5272  -19.328  -97.894  14.958 0.0000000000
142566  -19.060  -97.654  15.549 0.0000000000
27924  -18.149  -98.562  13.684 0.0000000000
97043  -19.554  -98.108  14.262 0.0000000000
126597  -18.924  -98.408  13.560 0.0000000000
97042  -20.160  -97.773  14.907 0.0000000000
97044  -20.357  -97.992  14.184 0.0000000000
12952  -20.930  -97.640  14.844 0.0000000000
33814  -13.791  -97.373  15.864 0.0000000000
142550  -14.263  -97.518  15.956 0.0000000000
33815  -14.816  -97.567  16.026 0.0000000000
74478  -14.667  -97.110  16.421 0.0000000000
142549  -14.139  -97.060  16.428 0.0000000000
74480  -15.363  -97.629  15.965 0.0000000000
33816  -15.962  -97.659  15.965 0.0000000000
142562  -16.619  -97.669  16.002 0.0000000000
33819  -17.327  -97.646  16.044 0.0000000000
74488  -17.107  -97.223  16.417 0.0000000000
142561  -16.392  -97.248  16.405 0.0000000000
74490  -18.064  -97.506  15.991 0.0000000000
33820  -18.794  -97.335  15.929 0.0000000000
142568  -19.554  -97.146  15.875 0.0000000000
142569  -19.890  -97.521  15.502 0.0000000000
33821  -20.408  -96.938  15.873 0.0000000000
74493  -20.031  -96.562  16.067 0.0000000000
142567  -19.238  -96.794  16.143 0.0000000000
142570  -20.697  -97.351  15.436 0.0000000000
74495  -21.232  -96.723  15.726 0.0000000000
142571  -21.492  -97.123  15.307 0.0000000000
33822  -22.036  -96.437  15.474 0.0000000000
142572  -22.311  -96.807  14.996 0.0000000000
43672  -21.724  -97.403  14.664 0.0000000000
305  -22.551  -97.088  14.392 0.0000000000
142598  -22.802  -96.117  15.135 0.0000000000
142599  -23.094  -96.451  14.678 0.0000000000
33831  -23.508  -95.804  14.799 0.0000000000
74518  -23.134  -95.421  15.090 0.0000000000
142597  -22.416  -95.744  15.394 0.0000000000
142600  -23.796  -96.154  14.324 0.0000000000
135907  -23.374  -96.701  14.121 0.0000000000
74520  -24.138  -95.554  14.421 0.0000000000
135908  -22.654  -97.265  13.555 0.0000000000
74494  -20.830  -96.330  15.921 0.0000000000
74496  -21.625  -96.085  15.698 0.0000000000
74489  -17.831  -97.132  16.356 0.0000000000
74491  -18.540  -96.993  16.255 0.0000000000
74479  -15.216  -97.152  16.376 0.0000000000
74481  -15.781  -97.209  16.341 0.0000000000
