#!ascii label  , from subject  vox2ras=TkReg
1059
3323  -8.783  -77.068  -3.586 0.0000000000
56044  -8.420  -77.227  -2.870 0.0000000000
56046  -8.560  -76.581  -3.375 0.0000000000
56048  -8.807  -76.414  -4.144 0.0000000000
93533  -8.744  -77.666  -3.098 0.0000000000
162792  -9.165  -77.457  -3.935 0.0000000000
162795  -9.082  -76.809  -4.472 0.0000000000
11002  -7.991  -77.311  -2.230 0.0000000000
56045  -8.205  -76.716  -2.644 0.0000000000
93532  -8.247  -77.819  -2.362 0.0000000000
118399  -7.957  -76.206  -2.277 0.0000000000
24412  -8.437  -76.128  -2.910 0.0000000000
118398  -7.713  -76.810  -2.001 0.0000000000
56047  -8.712  -75.983  -3.710 0.0000000000
118402  -8.809  -75.311  -3.942 0.0000000000
24413  -8.804  -75.743  -4.452 0.0000000000
118401  -8.604  -75.507  -3.215 0.0000000000
162796  -8.882  -76.158  -4.901 0.0000000000
11003  -8.576  -78.299  -2.535 0.0000000000
41722  -7.973  -78.420  -1.992 0.0000000000
93531  -7.673  -77.861  -1.804 0.0000000000
162791  -9.220  -78.083  -3.229 0.0000000000
93530  -7.364  -77.321  -1.645 0.0000000000
56043  -7.034  -76.788  -1.389 0.0000000000
24411  -7.376  -76.216  -1.693 0.0000000000
118400  -8.272  -75.609  -2.526 0.0000000000
118397  -7.730  -75.630  -1.900 0.0000000000
3322  -8.080  -75.084  -2.094 0.0000000000
102030  -8.513  -75.000  -2.743 0.0000000000
15724  -8.836  -74.846  -3.453 0.0000000000
118403  -8.892  -75.041  -4.691 0.0000000000
46444  -9.025  -74.623  -4.242 0.0000000000
1403  -9.065  -74.309  -4.912 0.0000000000
162797  -8.787  -75.422  -5.203 0.0000000000
162798  -8.857  -74.668  -5.408 0.0000000000
40612  -9.650  -77.833  -4.090 0.0000000000
91285  -9.682  -78.522  -3.437 0.0000000000
162790  -8.956  -78.824  -2.725 0.0000000000
162794  -9.450  -77.192  -4.712 0.0000000000
40613  -9.159  -76.537  -5.234 0.0000000000
91288  -9.640  -76.838  -5.436 0.0000000000
162793  -9.967  -77.453  -4.826 0.0000000000
91290  -8.840  -75.895  -5.606 0.0000000000
40614  -8.724  -75.068  -5.890 0.0000000000
162806  -8.927  -74.215  -6.126 0.0000000000
162807  -9.156  -73.844  -5.648 0.0000000000
40617  -9.429  -73.397  -6.307 0.0000000000
91298  -9.315  -73.728  -6.828 0.0000000000
162805  -8.917  -74.643  -6.544 0.0000000000
40616  -9.429  -74.165  -7.272 0.0000000000
162804  -9.182  -75.087  -6.968 0.0000000000
91291  -8.908  -75.500  -6.280 0.0000000000
162803  -9.807  -74.631  -7.751 0.0000000000
162801  -9.784  -75.450  -7.463 0.0000000000
10126  -9.396  -75.810  -6.677 0.0000000000
91296  -10.255  -73.654  -7.984 0.0000000000
162802  -10.777  -74.078  -8.413 0.0000000000
40615  -10.464  -75.020  -8.080 0.0000000000
22753  -11.232  -73.092  -8.563 0.0000000000
114681  -11.731  -73.513  -8.844 0.0000000000
91294  -11.393  -74.430  -8.628 0.0000000000
162800  -10.605  -75.645  -7.622 0.0000000000
114679  -10.107  -76.042  -6.968 0.0000000000
91293  -11.247  -75.225  -8.188 0.0000000000
162799  -11.344  -75.830  -7.707 0.0000000000
22751  -10.855  -76.217  -7.072 0.0000000000
28627  -11.922  -75.424  -8.310 0.0000000000
128233  -11.975  -75.983  -7.754 0.0000000000
53471  -11.591  -76.394  -7.089 0.0000000000
22750  -10.229  -77.035  -5.566 0.0000000000
114676  -10.543  -77.671  -4.914 0.0000000000
91286  -10.155  -78.157  -4.206 0.0000000000
40611  -9.374  -79.346  -2.970 0.0000000000
162789  -8.546  -79.587  -2.424 0.0000000000
41723  -8.237  -78.992  -2.197 0.0000000000
162788  -8.849  -80.198  -2.780 0.0000000000
157  -7.734  -79.693  -2.028 0.0000000000
91283  -9.689  -79.902  -3.322 0.0000000000
162787  -9.089  -80.781  -3.215 0.0000000000
40610  -10.084  -80.420  -3.656 0.0000000000
162786  -9.454  -81.351  -3.712 0.0000000000
162785  -10.420  -81.034  -4.021 0.0000000000
91281  -10.928  -80.028  -4.169 0.0000000000
162784  -11.338  -80.568  -4.501 0.0000000000
22748  -11.712  -79.477  -4.744 0.0000000000
114672  -12.166  -80.107  -5.094 0.0000000000
128232  -12.678  -76.281  -7.836 0.0000000000
2523  -12.297  -76.667  -7.103 0.0000000000
128234  -12.535  -75.649  -8.235 0.0000000000
28626  -13.228  -75.957  -8.206 0.0000000000
128231  -13.289  -76.669  -7.831 0.0000000000
53465  -12.947  -77.056  -7.217 0.0000000000
63068  -13.870  -76.369  -8.179 0.0000000000
128230  -13.949  -77.161  -7.933 0.0000000000
22745  -13.569  -77.555  -7.322 0.0000000000
28625  -14.447  -76.854  -8.312 0.0000000000
128229  -14.425  -77.792  -8.293 0.0000000000
114667  -14.033  -78.182  -7.793 0.0000000000
128228  -14.852  -77.437  -8.612 0.0000000000
128226  -14.740  -78.300  -8.878 0.0000000000
5663  -14.288  -78.712  -8.451 0.0000000000
63066  -15.008  -76.586  -8.552 0.0000000000
128227  -15.372  -77.080  -8.893 0.0000000000
28624  -15.228  -77.940  -9.174 0.0000000000
13343  -15.610  -76.197  -8.797 0.0000000000
97743  -15.964  -76.607  -9.131 0.0000000000
63064  -15.757  -77.461  -9.335 0.0000000000
128225  -14.986  -78.625  -9.504 0.0000000000
91270  -14.464  -79.059  -9.139 0.0000000000
63063  -15.568  -78.162  -9.727 0.0000000000
118396  -7.152  -75.579  -1.293 0.0000000000
70209  -7.518  -75.038  -1.478 0.0000000000
56042  -6.752  -76.167  -1.151 0.0000000000
118395  -6.529  -75.486  -0.722 0.0000000000
24410  -6.891  -74.949  -0.932 0.0000000000
24409  -6.180  -76.082  -0.649 0.0000000000
118393  -5.933  -75.427  -0.292 0.0000000000
118394  -6.261  -74.849  -0.437 0.0000000000
137316  -6.709  -74.318  -0.529 0.0000000000
1401  -5.693  -74.782  -0.005 0.0000000000
46443  -6.081  -74.242  -0.078 0.0000000000
118392  -5.557  -76.013  -0.158 0.0000000000
46437  -5.330  -75.358  0.139 0.0000000000
56040  -5.772  -76.597  -0.488 0.0000000000
118391  -5.133  -76.566  -0.010 0.0000000000
15717  -4.963  -75.941  0.303 0.0000000000
24408  -5.353  -77.131  -0.340 0.0000000000
118390  -4.786  -77.121  0.089 0.0000000000
102017  -4.572  -76.555  0.440 0.0000000000
118389  -4.914  -77.718  -0.250 0.0000000000
118387  -4.396  -77.750  0.208 0.0000000000
3320  -4.303  -77.125  0.590 0.0000000000
56038  -5.541  -77.748  -0.643 0.0000000000
118388  -5.078  -78.360  -0.576 0.0000000000
24407  -4.482  -78.335  -0.174 0.0000000000
11000  -5.766  -78.397  -0.892 0.0000000000
118386  -4.139  -78.457  0.306 0.0000000000
70187  -4.031  -77.827  0.786 0.0000000000
24406  -3.907  -78.613  0.912 0.0000000000
114680  -12.727  -72.929  -9.150 0.0000000000
5665  -12.300  -73.895  -9.012 0.0000000000
114682  -12.111  -72.514  -8.907 0.0000000000
114678  -10.497  -76.640  -6.329 0.0000000000
91287  -9.781  -76.431  -6.185 0.0000000000
53470  -11.257  -76.874  -6.296 0.0000000000
114677  -10.905  -77.268  -5.605 0.0000000000
22749  -11.610  -77.492  -5.699 0.0000000000
114675  -11.192  -78.010  -4.999 0.0000000000
10125  -10.669  -78.551  -4.325 0.0000000000
114674  -11.855  -78.285  -5.117 0.0000000000
91280  -11.212  -78.942  -4.483 0.0000000000
53468  -12.297  -77.820  -5.765 0.0000000000
114673  -12.436  -78.908  -5.284 0.0000000000
22747  -12.967  -78.435  -5.875 0.0000000000
114671  -12.899  -79.616  -5.722 0.0000000000
10124  -12.439  -80.690  -5.756 0.0000000000
114670  -13.407  -79.093  -6.374 0.0000000000
91273  -13.107  -80.179  -6.396 0.0000000000
53466  -13.256  -77.998  -6.635 0.0000000000
114669  -13.723  -78.662  -7.120 0.0000000000
22746  -13.639  -79.674  -7.129 0.0000000000
114668  -13.932  -79.197  -7.861 0.0000000000
162775  -13.613  -80.107  -7.974 0.0000000000
91272  -13.991  -79.525  -8.615 0.0000000000
102032  -8.770  -74.402  -3.011 0.0000000000
102031  -8.352  -74.455  -2.298 0.0000000000
102019  -4.447  -75.960  0.826 0.0000000000
102018  -4.125  -76.562  1.019 0.0000000000
97742  -16.560  -76.095  -9.362 0.0000000000
5662  -16.346  -76.929  -9.521 0.0000000000
97744  -16.223  -75.670  -9.091 0.0000000000
13342  -16.803  -75.141  -9.375 0.0000000000
97741  -17.193  -75.516  -9.494 0.0000000000
63058  -17.004  -76.382  -9.623 0.0000000000
44061  -17.434  -74.660  -9.658 0.0000000000
97740  -17.860  -75.001  -9.588 0.0000000000
13341  -17.704  -75.884  -9.654 0.0000000000
13340  -18.127  -74.057  -9.779 0.0000000000
97738  -18.538  -74.439  -9.494 0.0000000000
97739  -18.327  -75.344  -9.454 0.0000000000
128217  -18.105  -76.146  -9.669 0.0000000000
5660  -18.877  -74.809  -9.082 0.0000000000
63057  -18.688  -75.795  -9.230 0.0000000000
137388  -19.139  -73.750  -9.124 0.0000000000
137389  -18.844  -73.398  -9.682 0.0000000000
11001  -7.322  -78.470  -1.522 0.0000000000
93529  -7.026  -77.831  -1.344 0.0000000000
3321  -6.672  -77.258  -1.156 0.0000000000
93528  -6.534  -78.437  -1.163 0.0000000000
56037  -6.263  -77.790  -0.960 0.0000000000
41720  -6.786  -79.104  -1.412 0.0000000000
91297  -9.981  -73.228  -7.488 0.0000000000
91299  -9.962  -72.948  -6.958 0.0000000000
10127  -10.773  -72.536  -7.549 0.0000000000
91295  -10.934  -72.763  -8.068 0.0000000000
114683  -11.943  -72.194  -8.533 0.0000000000
114684  -11.739  -72.018  -7.964 0.0000000000
91292  -11.948  -74.829  -8.671 0.0000000000
128235  -12.614  -75.034  -8.711 0.0000000000
128236  -12.779  -74.276  -9.025 0.0000000000
91289  -9.209  -76.161  -5.972 0.0000000000
91284  -10.069  -79.017  -3.637 0.0000000000
91282  -10.492  -79.467  -3.893 0.0000000000
91275  -12.596  -81.194  -6.644 0.0000000000
91274  -13.154  -80.655  -7.328 0.0000000000
70211  -7.855  -74.446  -1.635 0.0000000000
70210  -7.333  -74.374  -1.067 0.0000000000
70189  -3.932  -77.160  1.235 0.0000000000
70188  -3.874  -77.985  1.405 0.0000000000
63067  -14.515  -76.054  -8.445 0.0000000000
63069  -13.895  -75.625  -8.508 0.0000000000
5664  -14.663  -75.230  -8.739 0.0000000000
63065  -15.210  -75.738  -8.713 0.0000000000
97745  -15.864  -75.329  -8.985 0.0000000000
97746  -15.413  -74.835  -9.044 0.0000000000
63062  -16.129  -77.690  -9.857 0.0000000000
28622  -15.888  -78.362  -10.378 0.0000000000
63060  -16.772  -77.150  -9.924 0.0000000000
63061  -16.542  -77.879  -10.392 0.0000000000
28621  -17.262  -77.369  -10.283 0.0000000000
63059  -17.444  -76.645  -9.911 0.0000000000
128218  -17.989  -76.897  -9.994 0.0000000000
63055  -19.185  -75.219  -8.618 0.0000000000
63056  -18.994  -76.170  -8.808 0.0000000000
28620  -18.663  -76.517  -9.497 0.0000000000
128215  -18.842  -77.006  -9.141 0.0000000000
28618  -19.383  -75.688  -8.229 0.0000000000
128214  -19.247  -76.639  -8.435 0.0000000000
137384  -19.578  -74.647  -8.052 0.0000000000
137385  -19.328  -74.220  -8.560 0.0000000000
56041  -6.391  -76.666  -0.933 0.0000000000
56039  -5.978  -77.164  -0.745 0.0000000000
53469  -11.962  -76.991  -6.443 0.0000000000
53467  -12.664  -77.461  -6.462 0.0000000000
46441  -5.475  -74.130  0.302 0.0000000000
46442  -5.902  -73.512  0.164 0.0000000000
15723  -6.492  -73.574  -0.240 0.0000000000
46439  -5.116  -74.714  0.431 0.0000000000
46440  -4.943  -74.058  0.762 0.0000000000
15721  -5.318  -73.444  0.582 0.0000000000
102024  -4.791  -73.397  1.018 0.0000000000
15719  -4.632  -74.651  0.938 0.0000000000
102023  -4.498  -73.980  1.290 0.0000000000
46438  -4.758  -75.292  0.588 0.0000000000
102020  -4.293  -75.262  1.167 0.0000000000
44060  -17.813  -73.710  -10.019 0.0000000000
44062  -17.071  -74.328  -9.720 0.0000000000
629  -17.466  -73.370  -10.126 0.0000000000
137390  -18.506  -73.089  -10.112 0.0000000000
137391  -18.255  -72.685  -10.382 0.0000000000
41721  -7.613  -79.087  -1.795 0.0000000000
41719  -6.927  -79.746  -1.727 0.0000000000
63070  -13.275  -75.295  -8.578 0.0000000000
128219  -17.828  -77.648  -10.409 0.0000000000
128216  -18.413  -77.335  -9.808 0.0000000000
128212  -19.634  -76.023  -7.817 0.0000000000
137383  -19.781  -75.063  -7.621 0.0000000000
137288  -3.840  -78.787  1.537 0.0000000000
102021  -4.235  -74.572  1.525 0.0000000000
44063  -16.442  -74.851  -9.314 0.0000000000
128239  -13.187  -73.383  -9.257 0.0000000000
63071  -14.044  -74.939  -8.879 0.0000000000
97747  -14.922  -74.445  -9.114 0.0000000000
44064  -16.802  -73.926  -9.771 0.0000000000
44066  -17.199  -72.954  -10.111 0.0000000000
137392  -17.935  -72.298  -10.482 0.0000000000
13344  -16.152  -74.455  -9.380 0.0000000000
44065  -16.495  -73.576  -9.749 0.0000000000
97749  -16.091  -73.173  -9.668 0.0000000000
13346  -16.882  -72.576  -10.031 0.0000000000
97748  -15.754  -74.061  -9.404 0.0000000000
162817  -17.657  -71.936  -10.385 0.0000000000
28628  -13.448  -74.586  -8.991 0.0000000000
128237  -14.334  -74.158  -9.222 0.0000000000
137289  -3.865  -78.139  2.029 0.0000000000
31988  -3.823  -77.331  1.917 0.0000000000
137291  -3.831  -76.573  1.691 0.0000000000
137317  -7.091  -73.658  -0.641 0.0000000000
31998  -7.654  -73.774  -1.207 0.0000000000
137319  -8.166  -73.849  -1.803 0.0000000000
13345  -15.225  -73.671  -9.417 0.0000000000
97750  -16.555  -72.148  -9.854 0.0000000000
63072  -15.725  -72.701  -9.589 0.0000000000
5666  -16.174  -71.593  -9.810 0.0000000000
162818  -17.346  -71.491  -10.195 0.0000000000
162819  -16.979  -71.027  -10.024 0.0000000000
15718  -4.068  -75.934  1.444 0.0000000000
70190  -4.078  -75.277  1.821 0.0000000000
7128  -4.064  -74.656  2.168 0.0000000000
102022  -4.174  -73.941  1.896 0.0000000000
137300  -4.121  -73.310  2.167 0.0000000000
15720  -4.391  -73.352  1.549 0.0000000000
70196  -4.030  -73.990  2.579 0.0000000000
15725  -8.660  -73.900  -2.482 0.0000000000
1408  -19.866  -76.345  -7.468 0.0000000000
128213  -19.465  -76.918  -8.105 0.0000000000
137382  -20.052  -75.458  -7.228 0.0000000000
28619  -19.048  -77.378  -8.767 0.0000000000
91248  -18.651  -77.729  -9.502 0.0000000000
5661  -18.166  -78.033  -10.199 0.0000000000
128238  -13.664  -73.797  -9.327 0.0000000000
63073  -14.704  -73.243  -9.468 0.0000000000
28629  -14.160  -72.857  -9.510 0.0000000000
128240  -13.700  -72.402  -9.320 0.0000000000
15716  -3.985  -78.945  2.122 0.0000000000
137290  -3.904  -77.496  2.533 0.0000000000
102016  -4.022  -78.283  2.619 0.0000000000
7127  -4.152  -77.681  3.046 0.0000000000
137292  -3.822  -76.700  2.360 0.0000000000
137293  -3.980  -76.875  2.936 0.0000000000
70191  -3.875  -75.952  2.100 0.0000000000
31989  -3.892  -76.068  2.790 0.0000000000
137294  -4.105  -76.216  3.353 0.0000000000
70186  -4.275  -77.033  3.447 0.0000000000
31987  -4.451  -76.355  3.800 0.0000000000
70193  -4.015  -75.429  3.228 0.0000000000
137295  -4.261  -75.588  3.707 0.0000000000
31990  -4.190  -74.800  3.499 0.0000000000
137296  -4.470  -74.953  3.990 0.0000000000
137287  -4.661  -75.720  4.083 0.0000000000
137297  -4.390  -74.156  3.728 0.0000000000
1400  -4.979  -75.124  4.305 0.0000000000
128117  -4.758  -74.312  4.178 0.0000000000
28577  -4.605  -73.527  3.965 0.0000000000
70195  -4.140  -74.046  3.177 0.0000000000
137298  -4.268  -73.382  3.485 0.0000000000
32022  -20.284  -74.448  -7.018 0.0000000000
137381  -20.518  -74.913  -6.660 0.0000000000
137373  -20.319  -75.801  -6.859 0.0000000000
70263  -20.009  -73.981  -7.427 0.0000000000
32023  -19.766  -73.568  -8.007 0.0000000000
137387  -19.628  -73.034  -8.620 0.0000000000
32024  -19.421  -72.737  -9.315 0.0000000000
70266  -19.990  -72.029  -8.826 0.0000000000
137386  -20.073  -72.397  -8.066 0.0000000000
70268  -19.208  -72.395  -9.963 0.0000000000
32025  -18.969  -72.110  -10.466 0.0000000000
137393  -18.676  -71.731  -10.714 0.0000000000
32026  -18.341  -71.279  -10.743 0.0000000000
70270  -19.437  -71.134  -10.828 0.0000000000
137394  -18.991  -70.735  -10.965 0.0000000000
91308  -18.005  -70.875  -10.551 0.0000000000
40621  -17.683  -70.393  -10.320 0.0000000000
162821  -17.262  -69.935  -10.240 0.0000000000
162822  -16.479  -70.617  -9.942 0.0000000000
15743  -20.456  -71.429  -8.307 0.0000000000
102063  -20.587  -71.786  -7.545 0.0000000000
70264  -20.285  -72.896  -7.406 0.0000000000
70261  -20.809  -73.868  -6.477 0.0000000000
137380  -21.107  -74.325  -6.089 0.0000000000
32019  -20.831  -75.301  -6.271 0.0000000000
137286  -4.894  -76.467  4.112 0.0000000000
53387  -5.208  -75.863  4.337 0.0000000000
70185  -4.753  -77.133  3.862 0.0000000000
137285  -5.376  -77.267  3.965 0.0000000000
22667  -5.555  -76.631  4.183 0.0000000000
31986  -5.118  -77.881  3.662 0.0000000000
137284  -5.770  -77.940  3.759 0.0000000000
114527  -6.032  -77.343  3.990 0.0000000000
137283  -5.452  -78.548  3.481 0.0000000000
137281  -6.147  -78.492  3.536 0.0000000000
7126  -6.477  -77.938  3.740 0.0000000000
70183  -4.879  -78.478  3.296 0.0000000000
137282  -5.159  -79.216  3.154 0.0000000000
31985  -5.840  -79.126  3.249 0.0000000000
15715  -4.648  -79.094  2.916 0.0000000000
102013  -4.909  -79.836  2.829 0.0000000000
70181  -5.590  -79.783  2.963 0.0000000000
137280  -6.588  -79.071  3.288 0.0000000000
91037  -6.950  -78.502  3.492 0.0000000000
70180  -6.344  -79.702  3.043 0.0000000000
137279  -7.148  -79.626  3.087 0.0000000000
31984  -7.418  -79.040  3.302 0.0000000000
31983  -6.853  -80.234  2.826 0.0000000000
137277  -7.661  -80.119  2.955 0.0000000000
137278  -7.942  -79.518  3.171 0.0000000000
162493  -8.292  -78.970  3.384 0.0000000000
347  -8.508  -80.000  3.056 0.0000000000
44036  -8.845  -79.427  3.261 0.0000000000
143921  -8.246  -80.537  2.867 0.0000000000
143922  -7.417  -80.678  2.740 0.0000000000
128119  -5.074  -73.715  4.272 0.0000000000
128118  -5.289  -74.467  4.399 0.0000000000
114529  -6.308  -76.705  4.187 0.0000000000
114528  -6.763  -77.352  3.980 0.0000000000
102015  -4.256  -79.007  2.576 0.0000000000
70182  -4.403  -78.358  3.003 0.0000000000
46435  -4.116  -79.650  2.170 0.0000000000
102014  -4.452  -79.745  2.576 0.0000000000
15714  -4.353  -80.348  2.199 0.0000000000
102012  -4.776  -80.413  2.495 0.0000000000
7125  -5.360  -80.411  2.693 0.0000000000
143927  -5.212  -80.944  2.382 0.0000000000
143928  -4.701  -80.933  2.092 0.0000000000
91039  -7.234  -77.930  3.756 0.0000000000
91038  -7.777  -78.497  3.506 0.0000000000
32027  -19.702  -70.123  -11.061 0.0000000000
70269  -19.613  -71.462  -10.297 0.0000000000
70271  -20.057  -70.465  -10.624 0.0000000000
7143  -20.257  -70.795  -9.907 0.0000000000
70267  -19.862  -71.642  -9.574 0.0000000000
70265  -20.351  -71.018  -9.103 0.0000000000
7142  -20.803  -72.331  -6.925 0.0000000000
70262  -20.472  -73.370  -6.869 0.0000000000
70194  -4.050  -74.717  2.867 0.0000000000
31991  -4.057  -73.276  2.857 0.0000000000
70192  -3.983  -75.344  2.517 0.0000000000
70184  -4.558  -77.798  3.432 0.0000000000
70179  -6.046  -80.342  2.786 0.0000000000
143923  -6.608  -80.811  2.630 0.0000000000
143924  -5.860  -80.928  2.585 0.0000000000
63074  -15.209  -72.188  -9.603 0.0000000000
53389  -5.614  -75.287  4.453 0.0000000000
53388  -5.906  -76.010  4.378 0.0000000000
44034  -9.389  -79.907  3.151 0.0000000000
44035  -9.738  -79.388  3.350 0.0000000000
13316  -9.184  -78.923  3.456 0.0000000000
13314  -10.274  -79.911  3.271 0.0000000000
143893  -10.033  -80.389  3.133 0.0000000000
143894  -9.144  -80.374  2.967 0.0000000000
63075  -14.691  -71.861  -9.585 0.0000000000
63076  -15.587  -71.252  -9.718 0.0000000000
114530  -6.728  -76.092  4.251 0.0000000000
22669  -6.355  -75.392  4.404 0.0000000000
162502  -6.000  -74.644  4.411 0.0000000000
162494  -8.647  -78.470  3.568 0.0000000000
40513  -8.087  -77.924  3.727 0.0000000000
162496  -7.606  -77.348  3.872 0.0000000000
22668  -7.140  -76.757  4.088 0.0000000000
114531  -7.217  -75.501  4.183 0.0000000000
91040  -7.638  -76.187  4.045 0.0000000000
10093  -8.115  -75.641  3.924 0.0000000000
162503  -6.837  -74.833  4.269 0.0000000000
162504  -7.686  -74.965  4.049 0.0000000000
28578  -5.709  -73.871  4.399 0.0000000000
34280  -9.844  -80.867  2.973 0.0000000000
75577  -10.677  -80.868  3.171 0.0000000000
143892  -10.842  -80.426  3.324 0.0000000000
143920  -8.971  -80.927  2.811 0.0000000000
34289  -8.125  -81.053  2.677 0.0000000000
75600  -8.808  -81.476  2.606 0.0000000000
143919  -9.670  -81.357  2.788 0.0000000000
75602  -7.277  -81.216  2.533 0.0000000000
34290  -6.511  -81.359  2.416 0.0000000000
143926  -5.806  -81.472  2.288 0.0000000000
34291  -5.193  -81.503  2.017 0.0000000000
75605  -5.705  -81.962  1.924 0.0000000000
143925  -6.434  -81.888  2.117 0.0000000000
162495  -9.024  -77.944  3.665 0.0000000000
97696  -9.510  -78.437  3.592 0.0000000000
5636  -9.957  -77.967  3.648 0.0000000000
162497  -8.566  -77.400  3.777 0.0000000000
162498  -9.523  -77.457  3.694 0.0000000000
91041  -8.099  -76.794  3.900 0.0000000000
40514  -9.061  -76.884  3.726 0.0000000000
162499  -10.006  -76.983  3.662 0.0000000000
62986  -10.458  -77.510  3.666 0.0000000000
28576  -10.928  -77.072  3.663 0.0000000000
91043  -9.523  -76.457  3.694 0.0000000000
162500  -10.456  -76.530  3.626 0.0000000000
91046  -6.531  -74.078  4.279 0.0000000000
40516  -7.390  -74.274  4.095 0.0000000000
162506  -8.277  -74.452  3.860 0.0000000000
162507  -8.641  -75.119  3.747 0.0000000000
40517  -9.227  -74.626  3.525 0.0000000000
162508  -9.584  -75.296  3.516 0.0000000000
91044  -9.034  -75.791  3.692 0.0000000000
17522  -6.324  -82.407  1.759 0.0000000000
105266  -7.033  -82.344  1.972 0.0000000000
75603  -7.194  -81.773  2.261 0.0000000000
34288  -9.487  -81.826  2.569 0.0000000000
143918  -10.341  -81.719  2.774 0.0000000000
75578  -10.539  -81.288  2.992 0.0000000000
143917  -10.175  -82.134  2.507 0.0000000000
143915  -11.025  -82.069  2.786 0.0000000000
7982  -11.190  -81.677  3.035 0.0000000000
75598  -9.322  -82.240  2.302 0.0000000000
143916  -10.001  -82.528  2.192 0.0000000000
34287  -10.868  -82.431  2.502 0.0000000000
17520  -9.171  -82.681  1.966 0.0000000000
105262  -9.846  -82.923  1.839 0.0000000000
75596  -10.726  -82.805  2.179 0.0000000000
143914  -11.689  -82.427  2.909 0.0000000000
105251  -11.824  -82.099  3.188 0.0000000000
75595  -11.572  -82.738  2.601 0.0000000000
143913  -12.349  -82.749  3.153 0.0000000000
17513  -12.443  -82.514  3.416 0.0000000000
34286  -12.227  -83.059  2.755 0.0000000000
143912  -12.823  -83.109  3.509 0.0000000000
48233  -12.918  -82.837  3.819 0.0000000000
143911  -12.719  -83.417  3.125 0.0000000000
143903  -13.269  -83.465  3.954 0.0000000000
1776  -13.341  -83.189  4.257 0.0000000000
75593  -12.040  -83.403  2.384 0.0000000000
143910  -12.585  -83.722  2.729 0.0000000000
34283  -13.187  -83.769  3.563 0.0000000000
34285  -11.895  -83.728  2.024 0.0000000000
143909  -12.465  -84.031  2.376 0.0000000000
75586  -13.052  -84.033  3.189 0.0000000000
143908  -11.790  -84.100  1.701 0.0000000000
143906  -12.345  -84.422  2.063 0.0000000000
7983  -12.944  -84.360  2.840 0.0000000000
75591  -11.106  -83.829  1.484 0.0000000000
143907  -11.041  -84.184  1.107 0.0000000000
34284  -11.672  -84.495  1.365 0.0000000000
17518  -10.389  -84.015  1.026 0.0000000000
105258  -10.212  -84.443  0.622 0.0000000000
75589  -10.967  -84.642  0.733 0.0000000000
143905  -12.183  -84.781  1.699 0.0000000000
105256  -12.796  -84.732  2.451 0.0000000000
75588  -11.529  -84.918  0.991 0.0000000000
143904  -12.079  -85.173  1.358 0.0000000000
17516  -12.651  -85.126  2.195 0.0000000000
25486  -11.353  -85.373  0.602 0.0000000000
120904  -11.860  -85.623  1.038 0.0000000000
48236  -12.489  -85.512  1.940 0.0000000000
143902  -13.537  -83.831  4.442 0.0000000000
120902  -13.718  -83.565  4.731 0.0000000000
75585  -13.445  -84.150  4.123 0.0000000000
143901  -13.697  -84.182  5.053 0.0000000000
25484  -13.824  -83.852  5.324 0.0000000000
34282  -13.604  -84.525  4.685 0.0000000000
143900  -13.760  -84.545  5.709 0.0000000000
57833  -13.882  -84.161  5.967 0.0000000000
143899  -13.688  -84.887  5.165 0.0000000000
143897  -13.727  -84.885  6.226 0.0000000000
3918  -13.853  -84.471  6.640 0.0000000000
75583  -13.494  -84.841  4.252 0.0000000000
143898  -13.520  -85.225  4.837 0.0000000000
34281  -13.617  -85.207  5.827 0.0000000000
17515  -13.315  -85.198  4.011 0.0000000000
105253  -13.388  -85.518  4.532 0.0000000000
75581  -13.503  -85.485  5.456 0.0000000000
143896  -13.595  -85.167  6.838 0.0000000000
94604  -13.695  -84.799  7.241 0.0000000000
75580  -13.504  -85.469  6.471 0.0000000000
143895  -13.379  -85.447  7.497 0.0000000000
11598  -13.494  -85.051  7.867 0.0000000000
29579  -13.262  -85.777  7.087 0.0000000000
130751  -12.992  -85.667  8.188 0.0000000000
42318  -13.084  -85.347  8.610 0.0000000000
130750  -12.478  -85.806  8.718 0.0000000000
346  -12.577  -85.458  9.214 0.0000000000
130752  -12.891  -85.971  7.703 0.0000000000
827  -12.368  -85.898  1.619 0.0000000000
120901  -13.944  -83.566  5.585 0.0000000000
48229  -13.809  -83.269  5.000 0.0000000000
57832  -13.991  -83.838  6.226 0.0000000000
120900  -14.068  -83.530  6.521 0.0000000000
17509  -13.989  -83.270  5.864 0.0000000000
105265  -7.761  -82.672  1.887 0.0000000000
7985  -7.811  -82.235  2.127 0.0000000000
105267  -7.009  -82.820  1.637 0.0000000000
17521  -7.664  -83.068  1.514 0.0000000000
105264  -8.422  -82.891  1.747 0.0000000000
75597  -8.512  -82.443  2.086 0.0000000000
48240  -8.298  -83.357  1.347 0.0000000000
105263  -9.097  -83.153  1.574 0.0000000000
17519  -8.940  -83.644  1.201 0.0000000000
105261  -9.733  -83.381  1.470 0.0000000000
7984  -10.566  -83.198  1.814 0.0000000000
105260  -9.666  -83.825  1.058 0.0000000000
75590  -10.455  -83.607  1.430 0.0000000000
48238  -8.780  -84.087  0.733 0.0000000000
105259  -9.546  -84.276  0.636 0.0000000000
17517  -8.693  -84.594  0.331 0.0000000000
105257  -9.392  -84.759  0.251 0.0000000000
3920  -10.133  -84.926  0.238 0.0000000000
105255  -13.038  -85.146  3.083 0.0000000000
75582  -13.190  -84.789  3.384 0.0000000000
48235  -12.921  -85.487  2.771 0.0000000000
105254  -13.204  -85.495  3.614 0.0000000000
17514  -13.174  -85.787  3.303 0.0000000000
105252  -13.344  -85.803  4.193 0.0000000000
6095  -13.405  -85.777  5.081 0.0000000000
130757  -13.374  -86.088  4.742 0.0000000000
130758  -13.327  -86.141  3.921 0.0000000000
105250  -12.523  -82.166  3.665 0.0000000000
75574  -11.948  -81.732  3.405 0.0000000000
48232  -13.041  -82.537  4.036 0.0000000000
105249  -13.091  -82.197  4.173 0.0000000000
17512  -12.614  -81.817  3.791 0.0000000000
94603  -13.534  -84.716  8.251 0.0000000000
57829  -13.775  -84.414  7.573 0.0000000000
91042  -8.578  -76.319  3.810 0.0000000000
40515  -9.913  -75.946  3.537 0.0000000000
75604  -5.652  -82.436  1.492 0.0000000000
105268  -6.302  -82.870  1.340 0.0000000000
105269  -5.655  -82.879  1.016 0.0000000000
75601  -7.943  -81.633  2.376 0.0000000000
75599  -8.640  -81.979  2.360 0.0000000000
75594  -11.440  -83.100  2.236 0.0000000000
75592  -11.243  -83.439  1.843 0.0000000000
75587  -10.787  -85.143  0.333 0.0000000000
75584  -13.340  -84.454  3.726 0.0000000000
75579  -13.394  -85.758  6.034 0.0000000000
130753  -13.183  -86.019  6.640 0.0000000000
130754  -13.330  -86.043  5.641 0.0000000000
75576  -11.347  -81.277  3.253 0.0000000000
34279  -11.465  -80.919  3.397 0.0000000000
75575  -12.069  -81.371  3.553 0.0000000000
57831  -13.920  -84.104  6.856 0.0000000000
25483  -14.028  -83.786  7.191 0.0000000000
48239  -8.136  -83.873  0.952 0.0000000000
48241  -7.537  -83.540  1.097 0.0000000000
1777  -7.424  -84.025  0.665 0.0000000000
48237  -8.019  -84.304  0.496 0.0000000000
120912  -7.969  -84.856  0.154 0.0000000000
120913  -7.328  -84.510  0.240 0.0000000000
48234  -12.823  -85.812  2.480 0.0000000000
130759  -13.121  -86.166  3.035 0.0000000000
130760  -12.766  -86.201  2.148 0.0000000000
48231  -13.429  -82.904  4.503 0.0000000000
17511  -13.490  -82.584  4.670 0.0000000000
48230  -13.831  -82.965  5.226 0.0000000000
42316  -12.640  -85.099  9.585 0.0000000000
42317  -13.146  -84.985  8.954 0.0000000000
48242  -6.948  -83.210  1.220 0.0000000000
48243  -6.895  -83.641  0.799 0.0000000000
120914  -6.794  -84.149  0.356 0.0000000000
17523  -6.283  -83.266  0.879 0.0000000000
143931  -6.241  -83.736  0.413 0.0000000000
143932  -5.615  -83.317  0.525 0.0000000000
29578  -12.407  -86.213  8.240 0.0000000000
65027  -12.806  -86.293  7.222 0.0000000000
29580  -13.097  -86.333  6.240 0.0000000000
130756  -13.288  -86.423  5.331 0.0000000000
29581  -13.346  -86.492  4.525 0.0000000000
65030  -13.257  -86.788  5.052 0.0000000000
130755  -13.003  -86.750  5.928 0.0000000000
65032  -13.282  -86.526  3.684 0.0000000000
29582  -13.074  -86.537  2.728 0.0000000000
13997  -12.981  -87.089  5.682 0.0000000000
98921  -12.659  -87.009  6.503 0.0000000000
65028  -12.689  -86.686  6.837 0.0000000000
98920  -12.300  -87.236  6.902 0.0000000000
6094  -12.268  -86.925  7.362 0.0000000000
98922  -12.723  -87.368  6.094 0.0000000000
13996  -12.395  -87.585  6.477 0.0000000000
158232  -11.754  -87.064  7.840 0.0000000000
158233  -11.789  -87.368  7.374 0.0000000000
65031  -13.314  -86.820  4.197 0.0000000000
65033  -13.248  -86.841  3.305 0.0000000000
6096  -13.287  -87.146  3.863 0.0000000000
65029  -13.241  -87.124  4.737 0.0000000000
98923  -13.055  -87.469  5.244 0.0000000000
98924  -13.264  -87.457  4.402 0.0000000000
65026  -12.314  -86.596  7.809 0.0000000000
158228  -11.830  -86.327  8.858 0.0000000000
158229  -11.741  -86.749  8.404 0.0000000000
158227  -11.870  -85.906  9.305 0.0000000000
44717  -12.816  -87.721  5.736 0.0000000000
44716  -12.426  -87.986  6.179 0.0000000000
158234  -11.851  -87.714  6.992 0.0000000000
44718  -12.914  -88.055  5.470 0.0000000000
826  -12.585  -88.368  5.967 0.0000000000
158235  -11.942  -88.110  6.675 0.0000000000
13998  -13.147  -87.770  4.978 0.0000000000
39091  -11.165  -86.341  9.287 0.0000000000
87480  -11.225  -85.894  9.731 0.0000000000
158231  -11.141  -86.774  8.779 0.0000000000
39092  -11.154  -87.170  8.236 0.0000000000
87483  -10.503  -86.852  9.077 0.0000000000
158230  -10.518  -86.359  9.603 0.0000000000
87485  -11.185  -87.511  7.786 0.0000000000
39093  -11.265  -87.878  7.389 0.0000000000
158243  -11.334  -88.287  7.064 0.0000000000
158244  -12.079  -88.522  6.401 0.0000000000
39096  -11.523  -88.696  6.786 0.0000000000
87493  -10.647  -88.482  7.350 0.0000000000
158242  -10.601  -88.074  7.690 0.0000000000
39095  -9.891  -88.279  7.811 0.0000000000
158241  -9.857  -87.834  8.250 0.0000000000
87486  -10.557  -87.686  8.113 0.0000000000
158240  -9.163  -87.996  8.426 0.0000000000
158238  -9.157  -87.495  8.894 0.0000000000
9619  -9.849  -87.372  8.727 0.0000000000
87491  -9.208  -88.475  7.952 0.0000000000
158239  -8.490  -88.145  8.612 0.0000000000
39094  -8.482  -87.617  9.096 0.0000000000
21483  -8.563  -88.644  8.174 0.0000000000
112397  -7.819  -88.173  8.752 0.0000000000
87489  -7.837  -87.635  9.323 0.0000000000
158237  -8.504  -87.106  9.550 0.0000000000
112395  -9.174  -87.003  9.417 0.0000000000
87488  -7.899  -87.172  9.763 0.0000000000
158236  -8.009  -86.655  10.210 0.0000000000
21481  -8.560  -86.579  10.083 0.0000000000
27864  -7.440  -86.609  10.269 0.0000000000
126456  -7.561  -86.086  10.673 0.0000000000
52201  -8.096  -86.090  10.638 0.0000000000
21480  -9.874  -86.435  9.779 0.0000000000
112392  -9.901  -85.928  10.249 0.0000000000
87481  -10.545  -85.891  10.058 0.0000000000
112396  -7.142  -88.241  8.855 0.0000000000
5240  -7.202  -87.672  9.357 0.0000000000
112398  -7.873  -88.747  8.327 0.0000000000
21482  -7.143  -88.874  8.431 0.0000000000
126462  -6.538  -87.710  9.377 0.0000000000
126463  -6.439  -88.325  8.945 0.0000000000
112394  -9.213  -86.519  9.938 0.0000000000
87482  -9.863  -86.926  9.289 0.0000000000
52200  -8.646  -86.070  10.523 0.0000000000
112393  -9.275  -86.017  10.398 0.0000000000
87492  -10.024  -88.701  7.498 0.0000000000
87494  -10.911  -88.904  7.130 0.0000000000
9620  -10.180  -89.118  7.326 0.0000000000
87490  -9.373  -88.900  7.692 0.0000000000
112399  -8.700  -89.096  7.863 0.0000000000
112400  -9.435  -89.344  7.525 0.0000000000
87487  -7.313  -87.140  9.833 0.0000000000
126458  -6.881  -86.554  10.268 0.0000000000
126459  -6.708  -87.126  9.823 0.0000000000
87484  -10.518  -87.287  8.579 0.0000000000
126457  -7.011  -86.021  10.674 0.0000000000
52203  -7.905  -89.299  7.967 0.0000000000
52202  -7.148  -89.431  8.040 0.0000000000
126464  -6.413  -88.940  8.524 0.0000000000
52204  -7.913  -89.819  7.666 0.0000000000
2355  -7.197  -89.985  7.689 0.0000000000
126465  -6.436  -89.525  8.120 0.0000000000
21484  -8.683  -89.607  7.661 0.0000000000
27865  -6.284  -86.520  10.184 0.0000000000
61800  -6.475  -85.992  10.610 0.0000000000
126461  -6.083  -87.068  9.784 0.0000000000
27866  -5.895  -87.701  9.399 0.0000000000
61803  -5.489  -87.026  9.827 0.0000000000
126460  -5.723  -86.463  10.179 0.0000000000
61805  -5.743  -88.350  8.995 0.0000000000
27867  -5.741  -88.941  8.559 0.0000000000
158477  -5.799  -89.706  8.086 0.0000000000
158478  -6.489  -90.250  7.634 0.0000000000
39174  -5.856  -90.504  7.776 0.0000000000
87688  -5.193  -89.869  8.172 0.0000000000
158476  -5.136  -89.016  8.554 0.0000000000
39173  -4.571  -89.139  8.672 0.0000000000
158475  -4.590  -88.305  9.093 0.0000000000
61806  -5.142  -88.279  9.071 0.0000000000
158474  -4.122  -88.468  9.351 0.0000000000
158472  -4.194  -87.599  9.725 0.0000000000
5241  -4.689  -87.539  9.598 0.0000000000
87686  -4.117  -89.296  8.940 0.0000000000
158473  -3.742  -88.638  9.736 0.0000000000
39172  -3.823  -87.797  10.052 0.0000000000
21548  -3.779  -89.477  9.415 0.0000000000
112514  -3.450  -88.837  10.280 0.0000000000
87684  -3.519  -87.988  10.513 0.0000000000
158471  -3.989  -86.953  10.311 0.0000000000
96987  -4.432  -86.860  10.071 0.0000000000
87683  -3.687  -87.152  10.711 0.0000000000
158470  -3.902  -86.363  10.967 0.0000000000
12921  -4.252  -86.248  10.643 0.0000000000
12920  -5.184  -86.405  10.251 0.0000000000
96984  -5.451  -85.805  10.685 0.0000000000
61801  -5.959  -85.909  10.632 0.0000000000
112513  -3.343  -89.081  10.857 0.0000000000
9645  -3.383  -88.208  11.092 0.0000000000
112515  -3.514  -89.714  9.935 0.0000000000
21547  -3.360  -89.963  10.706 0.0000000000
112512  -3.302  -89.343  11.593 0.0000000000
87678  -3.399  -88.466  11.781 0.0000000000
52266  -3.302  -90.239  11.543 0.0000000000
112511  -3.321  -89.642  12.420 0.0000000000
21546  -3.432  -88.739  12.498 0.0000000000
21545  -3.324  -90.549  12.418 0.0000000000
112509  -3.352  -89.937  13.321 0.0000000000
112510  -3.517  -89.075  13.264 0.0000000000
158464  -3.714  -88.107  13.332 0.0000000000
9644  -3.582  -89.221  14.139 0.0000000000
87677  -3.830  -88.318  14.061 0.0000000000
112508  -3.312  -90.806  13.299 0.0000000000
87671  -3.431  -90.136  14.172 0.0000000000
52264  -3.416  -91.461  12.460 0.0000000000
112507  -3.416  -91.676  13.433 0.0000000000
21544  -3.408  -91.014  14.189 0.0000000000
21543  -3.616  -92.330  12.555 0.0000000000
112505  -3.659  -92.560  13.409 0.0000000000
112506  -3.522  -91.836  14.244 0.0000000000
158455  -3.489  -91.142  15.048 0.0000000000
5261  -3.812  -92.657  14.153 0.0000000000
87670  -3.725  -91.934  14.996 0.0000000000
126547  -3.984  -93.316  13.235 0.0000000000
126548  -3.963  -93.124  12.565 0.0000000000
96986  -4.696  -86.281  10.416 0.0000000000
61802  -4.902  -86.922  9.926 0.0000000000
43640  -4.581  -85.587  11.031 0.0000000000
96985  -4.987  -85.677  10.816 0.0000000000
87687  -4.633  -90.021  8.367 0.0000000000
87689  -5.252  -90.727  7.942 0.0000000000
9646  -4.712  -90.844  8.310 0.0000000000
87685  -4.204  -90.126  8.732 0.0000000000
112516  -3.879  -90.337  9.247 0.0000000000
112517  -4.348  -91.005  8.723 0.0000000000
87682  -3.510  -87.409  11.280 0.0000000000
39171  -3.702  -86.520  11.497 0.0000000000
87680  -3.546  -87.621  11.903 0.0000000000
87681  -3.740  -86.793  12.055 0.0000000000
87679  -3.630  -87.866  12.620 0.0000000000
39170  -3.848  -87.008  12.648 0.0000000000
158465  -3.989  -87.254  13.305 0.0000000000
87675  -3.857  -88.486  14.859 0.0000000000
87676  -4.159  -87.585  14.832 0.0000000000
39169  -4.095  -87.401  14.091 0.0000000000
87673  -3.579  -89.350  15.020 0.0000000000
87674  -3.808  -88.612  15.684 0.0000000000
39168  -4.123  -87.782  15.607 0.0000000000
158459  -4.040  -87.909  16.293 0.0000000000
39167  -3.602  -89.501  15.741 0.0000000000
158458  -3.795  -88.721  16.368 0.0000000000
87672  -3.487  -90.336  14.976 0.0000000000
158456  -3.572  -90.417  15.822 0.0000000000
87668  -4.059  -92.748  14.728 0.0000000000
87669  -4.014  -92.044  15.515 0.0000000000
39166  -3.720  -91.239  15.799 0.0000000000
158453  -4.119  -91.324  16.239 0.0000000000
27901  -4.454  -92.857  15.166 0.0000000000
158452  -4.477  -92.149  15.875 0.0000000000
126543  -4.507  -93.447  14.366 0.0000000000
126544  -4.163  -93.412  13.866 0.0000000000
61804  -5.277  -87.641  9.472 0.0000000000
52265  -3.426  -91.113  11.552 0.0000000000
52267  -3.464  -90.804  10.696 0.0000000000
2363  -3.703  -91.659  10.790 0.0000000000
52263  -3.642  -92.011  11.670 0.0000000000
126549  -3.993  -92.847  11.782 0.0000000000
126550  -4.057  -92.526  10.959 0.0000000000
158457  -3.787  -89.636  16.417 0.0000000000
158454  -3.860  -90.510  16.427 0.0000000000
126541  -4.922  -92.832  15.362 0.0000000000
126542  -4.878  -93.393  14.698 0.0000000000
52268  -3.560  -90.560  9.824 0.0000000000
43641  -4.224  -85.559  11.343 0.0000000000
52269  -3.791  -91.416  9.872 0.0000000000
21549  -4.033  -91.202  9.277 0.0000000000
126540  -5.406  -93.351  14.747 0.0000000000
1273  -5.489  -92.817  15.431 0.0000000000
52262  -5.006  -92.170  16.047 0.0000000000
27900  -5.335  -93.959  14.048 0.0000000000
61861  -4.969  -94.066  13.901 0.0000000000
27902  -4.657  -94.100  13.581 0.0000000000
126546  -4.387  -94.045  13.036 0.0000000000
27903  -4.322  -93.826  12.474 0.0000000000
21542  -4.623  -91.386  16.556 0.0000000000
112504  -4.281  -90.583  16.828 0.0000000000
9643  -4.099  -89.756  16.941 0.0000000000
87667  -4.030  -88.919  16.971 0.0000000000
39165  -4.075  -88.108  16.938 0.0000000000
135869  -5.957  -93.232  14.726 0.0000000000
135870  -5.895  -93.793  14.055 0.0000000000
112503  -4.824  -90.635  17.100 0.0000000000
87663  -4.493  -89.827  17.326 0.0000000000
52261  -5.213  -91.368  16.653 0.0000000000
112502  -5.389  -90.566  17.108 0.0000000000
21541  -5.070  -89.833  17.394 0.0000000000
21540  -5.747  -91.243  16.611 0.0000000000
112500  -5.925  -90.447  17.033 0.0000000000
112501  -5.611  -89.763  17.392 0.0000000000
158446  -5.377  -89.051  17.642 0.0000000000
6899  -6.125  -89.636  17.328 0.0000000000
87662  -5.894  -88.934  17.611 0.0000000000
135857  -6.481  -90.291  17.009 0.0000000000
135858  -6.341  -91.099  16.540 0.0000000000
87665  -4.332  -89.070  17.454 0.0000000000
87666  -4.291  -88.361  17.485 0.0000000000
87664  -4.862  -89.116  17.621 0.0000000000
39164  -4.735  -88.445  17.802 0.0000000000
158447  -5.224  -88.399  17.911 0.0000000000
87660  -6.364  -88.765  17.575 0.0000000000
87661  -6.178  -88.080  17.930 0.0000000000
39163  -5.720  -88.276  17.897 0.0000000000
158444  -6.030  -87.423  18.244 0.0000000000
31457  -6.684  -87.953  17.991 0.0000000000
158443  -6.516  -87.306  18.376 0.0000000000
135853  -6.916  -88.582  17.621 0.0000000000
135854  -6.702  -89.418  17.266 0.0000000000
52260  -5.624  -92.094  16.075 0.0000000000
135859  -6.174  -91.917  16.046 0.0000000000
135860  -6.065  -92.674  15.387 0.0000000000
158445  -5.583  -87.639  18.250 0.0000000000
135851  -6.993  -87.230  18.542 0.0000000000
135852  -7.208  -87.817  18.168 0.0000000000
135871  -5.838  -94.498  13.386 0.0000000000
31456  -7.737  -87.746  18.608 0.0000000000
135850  -7.439  -87.180  18.933 0.0000000000
69053  -7.524  -88.417  17.781 0.0000000000
31458  -7.297  -89.209  17.282 0.0000000000
135856  -7.166  -90.052  16.851 0.0000000000
31459  -7.024  -90.930  16.435 0.0000000000
69056  -7.701  -90.622  16.257 0.0000000000
135855  -7.812  -89.819  16.878 0.0000000000
69058  -6.851  -91.666  15.893 0.0000000000
31460  -6.734  -92.379  15.252 0.0000000000
135868  -6.535  -93.013  14.582 0.0000000000
31463  -6.460  -93.540  13.934 0.0000000000
69066  -7.005  -93.262  13.714 0.0000000000
135867  -7.166  -92.693  14.420 0.0000000000
69068  -6.406  -94.203  13.328 0.0000000000
158448  -5.095  -87.770  18.186 0.0000000000
31462  -7.668  -92.943  13.553 0.0000000000
135866  -7.872  -92.359  14.229 0.0000000000
69059  -7.387  -92.074  15.100 0.0000000000
135865  -8.383  -92.583  13.364 0.0000000000
135863  -8.615  -91.983  14.072 0.0000000000
6900  -8.098  -91.727  14.910 0.0000000000
69064  -8.268  -93.270  12.690 0.0000000000
135864  -9.022  -92.945  12.545 0.0000000000
31461  -9.170  -92.280  13.259 0.0000000000
15341  -8.927  -93.730  11.893 0.0000000000
101341  -9.696  -93.458  11.796 0.0000000000
69062  -9.806  -92.681  12.492 0.0000000000
135862  -9.386  -91.625  14.036 0.0000000000
101339  -8.829  -91.365  14.781 0.0000000000
69061  -9.977  -91.980  13.236 0.0000000000
135861  -10.158  -91.406  14.193 0.0000000000
15339  -9.584  -91.074  14.886 0.0000000000
24179  -10.723  -91.808  13.500 0.0000000000
117857  -10.842  -91.299  14.527 0.0000000000
46059  -10.295  -90.901  15.180 0.0000000000
15338  -8.406  -90.338  16.223 0.0000000000
101336  -8.510  -89.578  17.010 0.0000000000
69054  -7.955  -89.016  17.425 0.0000000000
117856  -11.367  -91.335  15.079 0.0000000000
1272  -10.875  -90.901  15.648 0.0000000000
117858  -11.327  -91.745  13.934 0.0000000000
24178  -11.823  -91.823  14.502 0.0000000000
117855  -11.652  -91.651  15.718 0.0000000000
46053  -11.247  -91.141  16.259 0.0000000000
55656  -11.986  -92.175  15.222 0.0000000000
117854  -11.724  -92.039  16.440 0.0000000000
15333  -11.400  -91.523  16.948 0.0000000000
24177  -11.975  -92.521  15.958 0.0000000000
117853  -11.625  -92.438  17.210 0.0000000000
101327  -11.363  -91.974  17.684 0.0000000000
117852  -11.843  -92.976  16.830 0.0000000000
117850  -11.475  -92.977  17.947 0.0000000000
3191  -11.252  -92.435  18.303 0.0000000000
55654  -12.183  -93.137  15.730 0.0000000000
117851  -12.062  -93.586  16.619 0.0000000000
24176  -11.675  -93.533  17.635 0.0000000000
10871  -12.351  -93.846  15.648 0.0000000000
93295  -12.253  -94.243  16.500 0.0000000000
55652  -11.877  -94.091  17.448 0.0000000000
117849  -11.289  -93.494  18.678 0.0000000000
69038  -11.072  -93.009  19.029 0.0000000000
55651  -11.522  -93.997  18.388 0.0000000000
117848  -11.172  -93.962  19.387 0.0000000000
24175  -10.918  -93.512  19.736 0.0000000000
24174  -11.418  -94.392  19.123 0.0000000000
117846  -11.131  -94.333  20.062 0.0000000000
117847  -10.870  -93.941  20.423 0.0000000000
135833  -10.554  -93.545  20.834 0.0000000000
1270  -11.003  -94.183  21.044 0.0000000000
46052  -10.696  -93.824  21.454 0.0000000000
142535  -11.312  -94.505  20.701 0.0000000000
142536  -11.415  -94.693  19.782 0.0000000000
3193  -10.474  -93.221  11.839 0.0000000000
101338  -8.999  -90.744  15.553 0.0000000000
69055  -8.260  -91.055  15.545 0.0000000000
46058  -9.713  -90.544  15.781 0.0000000000
101337  -9.129  -90.115  16.366 0.0000000000
15337  -9.784  -90.010  16.781 0.0000000000
101335  -9.233  -89.474  17.333 0.0000000000
6898  -8.637  -88.839  17.865 0.0000000000
101334  -9.709  -89.696  18.009 0.0000000000
69048  -9.156  -89.038  18.470 0.0000000000
46056  -10.256  -90.234  17.458 0.0000000000
101333  -10.006  -90.069  18.683 0.0000000000
15336  -9.478  -89.441  19.183 0.0000000000
101329  -11.018  -91.539  18.200 0.0000000000
101328  -10.940  -92.049  18.836 0.0000000000
93294  -12.556  -94.839  16.362 0.0000000000
3190  -12.151  -94.615  17.275 0.0000000000
93296  -12.570  -94.575  15.630 0.0000000000
10870  -12.789  -95.331  15.635 0.0000000000
142541  -12.480  -95.108  17.106 0.0000000000
142542  -12.789  -95.537  16.286 0.0000000000
69067  -6.946  -93.918  13.149 0.0000000000
6901  -7.516  -94.369  12.347 0.0000000000
69065  -7.524  -93.578  12.899 0.0000000000
69063  -8.199  -94.020  12.086 0.0000000000
69060  -10.589  -92.439  12.586 0.0000000000
117859  -11.236  -92.304  12.930 0.0000000000
117860  -11.146  -93.093  12.084 0.0000000000
69057  -7.528  -91.406  15.749 0.0000000000
69052  -8.159  -88.304  18.172 0.0000000000
69050  -8.682  -88.422  18.855 0.0000000000
69051  -8.277  -87.864  19.232 0.0000000000
69049  -8.998  -88.750  19.611 0.0000000000
31455  -8.620  -88.152  19.943 0.0000000000
69040  -10.800  -92.580  19.522 0.0000000000
69039  -10.662  -93.086  20.157 0.0000000000
55655  -12.235  -92.751  14.868 0.0000000000
55657  -12.163  -92.380  14.144 0.0000000000
3192  -12.321  -93.177  13.889 0.0000000000
55653  -12.399  -93.476  14.721 0.0000000000
93297  -12.555  -94.296  14.769 0.0000000000
93298  -12.530  -94.073  13.887 0.0000000000
55650  -11.740  -94.469  18.188 0.0000000000
142537  -11.714  -94.781  18.866 0.0000000000
142538  -12.072  -94.924  17.966 0.0000000000
46057  -10.330  -90.467  16.223 0.0000000000
46055  -10.754  -90.703  16.824 0.0000000000
15335  -10.513  -90.609  18.096 0.0000000000
46054  -10.974  -91.075  17.492 0.0000000000
101330  -10.607  -91.099  18.779 0.0000000000
55658  -11.749  -92.331  13.473 0.0000000000
101331  -10.117  -90.599  19.366 0.0000000000
41591  -12.773  -95.128  14.938 0.0000000000
41590  -12.877  -95.994  15.053 0.0000000000
142543  -12.944  -96.124  15.620 0.0000000000
117863  -11.145  -93.950  11.402 0.0000000000
55659  -12.076  -93.065  13.199 0.0000000000
93299  -12.352  -93.933  13.139 0.0000000000
46050  -10.946  -93.927  22.039 0.0000000000
142526  -11.318  -94.235  21.552 0.0000000000
41592  -12.840  -95.920  14.265 0.0000000000
140  -12.919  -96.812  14.452 0.0000000000
142544  -13.016  -96.778  15.050 0.0000000000
10872  -12.718  -94.998  14.052 0.0000000000
41593  -12.786  -95.855  13.566 0.0000000000
93301  -12.681  -95.807  12.848 0.0000000000
93300  -12.652  -94.884  13.320 0.0000000000
24180  -11.680  -93.025  12.517 0.0000000000
117861  -12.074  -93.860  12.420 0.0000000000
31451  -10.307  -92.686  20.735 0.0000000000
135836  -10.441  -92.156  20.105 0.0000000000
10873  -12.466  -94.815  12.578 0.0000000000
55660  -12.531  -95.822  12.073 0.0000000000
15334  -10.561  -91.610  19.442 0.0000000000
117862  -11.666  -93.881  11.814 0.0000000000
55661  -12.162  -94.786  11.827 0.0000000000
33809  -11.685  -94.793  20.425 0.0000000000
142534  -11.725  -94.490  21.230 0.0000000000
74468  -11.796  -94.994  19.533 0.0000000000
33810  -12.086  -95.164  18.662 0.0000000000
142540  -12.449  -95.371  17.818 0.0000000000
33811  -12.805  -95.647  17.027 0.0000000000
74471  -12.841  -95.756  17.697 0.0000000000
142539  -12.516  -95.533  18.533 0.0000000000
74473  -13.030  -96.197  16.230 0.0000000000
33812  -13.141  -96.817  15.595 0.0000000000
142546  -13.193  -97.273  15.163 0.0000000000
74475  -13.414  -97.148  15.745 0.0000000000
17143  -13.038  -95.758  18.356 0.0000000000
104585  -12.795  -95.530  19.182 0.0000000000
74469  -12.234  -95.294  19.384 0.0000000000
74474  -13.334  -96.687  16.225 0.0000000000
74476  -13.692  -96.912  16.332 0.0000000000
7808  -13.569  -96.466  16.858 0.0000000000
74472  -13.135  -96.215  16.884 0.0000000000
74470  -13.308  -96.067  17.579 0.0000000000
104587  -13.643  -95.916  18.192 0.0000000000
104588  -13.870  -96.288  17.455 0.0000000000
104589  -14.013  -96.604  16.914 0.0000000000
17144  -14.206  -95.979  17.936 0.0000000000
104590  -14.330  -96.311  17.365 0.0000000000
17145  -14.501  -96.685  16.893 0.0000000000
74477  -15.041  -96.710  16.792 0.0000000000
104591  -14.860  -96.326  17.255 0.0000000000
