#!ascii label  , from subject  vox2ras=TkReg
1136
40366  13.059  -80.999  -11.916 0.0000000000
90670  12.928  -80.543  -11.239 0.0000000000
162053  12.414  -81.395  -11.191 0.0000000000
162054  12.534  -81.935  -11.936 0.0000000000
90671  13.573  -80.064  -11.866 0.0000000000
162055  13.855  -80.682  -12.414 0.0000000000
162056  13.271  -81.566  -12.555 0.0000000000
90669  13.462  -79.589  -11.205 0.0000000000
40365  12.973  -80.142  -10.511 0.0000000000
162052  12.539  -81.034  -10.491 0.0000000000
10043  14.168  -79.166  -11.790 0.0000000000
114307  14.459  -79.770  -12.295 0.0000000000
22545  14.873  -80.541  -12.640 0.0000000000
114306  15.129  -78.950  -12.131 0.0000000000
114308  15.542  -79.645  -12.469 0.0000000000
22544  16.166  -78.878  -12.202 0.0000000000
53265  16.557  -79.622  -12.371 0.0000000000
114309  15.961  -80.446  -12.644 0.0000000000
22546  16.975  -80.465  -12.547 0.0000000000
114310  16.274  -81.340  -12.802 0.0000000000
90672  15.272  -81.349  -12.904 0.0000000000
114312  17.145  -81.252  -12.631 0.0000000000
10044  15.603  -82.263  -13.085 0.0000000000
114311  16.554  -82.100  -12.908 0.0000000000
162064  16.805  -82.908  -13.102 0.0000000000
22547  17.434  -81.916  -12.748 0.0000000000
90678  15.900  -83.078  -13.292 0.0000000000
53267  17.786  -80.383  -12.355 0.0000000000
114313  17.988  -81.010  -12.416 0.0000000000
22548  18.562  -80.178  -12.104 0.0000000000
114314  18.750  -80.783  -12.253 0.0000000000
90679  18.241  -81.659  -12.649 0.0000000000
10045  19.008  -81.439  -12.383 0.0000000000
162071  19.160  -80.038  -11.754 0.0000000000
162072  19.406  -80.641  -11.880 0.0000000000
162051  12.706  -80.692  -9.732 0.0000000000
53243  12.302  -81.646  -9.631 0.0000000000
22523  12.091  -81.935  -10.378 0.0000000000
114269  11.986  -82.360  -11.133 0.0000000000
10035  11.963  -82.878  -11.902 0.0000000000
162057  12.679  -82.559  -12.599 0.0000000000
90673  14.259  -81.411  -12.840 0.0000000000
40367  13.603  -82.353  -13.028 0.0000000000
162058  12.915  -83.335  -13.176 0.0000000000
90608  11.995  -83.451  -12.559 0.0000000000
40341  12.068  -84.167  -13.028 0.0000000000
90675  13.896  -83.242  -13.356 0.0000000000
162059  13.178  -84.120  -13.419 0.0000000000
40368  14.229  -84.137  -13.574 0.0000000000
40369  16.175  -83.862  -13.403 0.0000000000
90680  17.690  -82.582  -12.954 0.0000000000
162065  17.102  -83.583  -13.227 0.0000000000
40370  18.002  -83.306  -13.029 0.0000000000
40372  19.741  -79.882  -11.297 0.0000000000
90685  19.389  -79.383  -11.151 0.0000000000
162070  18.955  -79.392  -11.626 0.0000000000
162074  20.020  -80.401  -11.407 0.0000000000
162075  19.663  -81.088  -12.057 0.0000000000
40373  20.317  -80.866  -11.536 0.0000000000
90688  20.561  -80.238  -10.822 0.0000000000
162073  20.215  -79.802  -10.730 0.0000000000
162076  20.018  -81.701  -12.171 0.0000000000
90683  19.292  -82.005  -12.565 0.0000000000
40371  19.657  -82.771  -12.640 0.0000000000
90690  20.587  -81.519  -11.710 0.0000000000
162077  20.271  -82.459  -12.178 0.0000000000
40374  20.819  -82.148  -11.595 0.0000000000
22550  20.716  -79.700  -10.080 0.0000000000
114316  20.392  -79.224  -9.993 0.0000000000
90686  19.856  -79.268  -10.551 0.0000000000
28505  19.281  -78.710  -11.021 0.0000000000
127949  18.774  -78.783  -11.456 0.0000000000
53268  18.381  -79.492  -12.001 0.0000000000
162050  13.141  -79.782  -9.815 0.0000000000
162042  13.077  -80.358  -9.067 0.0000000000
2493  12.624  -81.266  -8.939 0.0000000000
90668  13.481  -79.279  -10.419 0.0000000000
162049  13.600  -78.926  -9.851 0.0000000000
40362  13.508  -79.520  -9.181 0.0000000000
40364  14.050  -78.452  -10.455 0.0000000000
162048  14.159  -78.170  -9.837 0.0000000000
90661  13.819  -78.718  -9.247 0.0000000000
162041  13.376  -80.072  -8.429 0.0000000000
127916  12.997  -80.920  -8.263 0.0000000000
90660  13.728  -79.212  -8.547 0.0000000000
162040  13.680  -79.636  -7.825 0.0000000000
28490  13.253  -80.513  -7.689 0.0000000000
40361  13.990  -78.766  -7.945 0.0000000000
162039  13.859  -79.093  -7.260 0.0000000000
62843  13.494  -79.907  -7.102 0.0000000000
127948  18.554  -78.153  -11.326 0.0000000000
2496  18.064  -78.844  -11.804 0.0000000000
127950  19.131  -78.144  -10.918 0.0000000000
28504  19.136  -77.483  -10.841 0.0000000000
127947  18.451  -77.484  -11.139 0.0000000000
53262  17.704  -78.146  -11.625 0.0000000000
62865  19.156  -76.873  -10.795 0.0000000000
127946  18.317  -76.922  -11.106 0.0000000000
22542  17.564  -77.506  -11.446 0.0000000000
28503  19.195  -76.355  -10.753 0.0000000000
127945  18.306  -76.441  -10.954 0.0000000000
114302  17.441  -76.973  -11.273 0.0000000000
127915  12.804  -81.421  -7.543 0.0000000000
53239  12.477  -81.906  -8.122 0.0000000000
62842  12.995  -80.788  -6.963 0.0000000000
127914  12.380  -81.639  -6.758 0.0000000000
22519  12.122  -82.283  -7.296 0.0000000000
28489  12.582  -80.925  -6.328 0.0000000000
127913  11.851  -81.678  -6.088 0.0000000000
114261  11.604  -82.487  -6.486 0.0000000000
127912  12.051  -80.905  -5.788 0.0000000000
127910  11.169  -81.525  -5.622 0.0000000000
5587  10.938  -82.315  -5.885 0.0000000000
62840  12.733  -80.165  -5.945 0.0000000000
127911  12.246  -80.142  -5.499 0.0000000000
28488  11.406  -80.753  -5.341 0.0000000000
13267  12.886  -79.388  -5.688 0.0000000000
97607  12.388  -79.433  -5.221 0.0000000000
62838  11.611  -80.003  -5.020 0.0000000000
127909  10.488  -81.221  -5.206 0.0000000000
90594  10.281  -81.960  -5.440 0.0000000000
62837  10.710  -80.508  -4.886 0.0000000000
127908  9.757  -80.888  -4.831 0.0000000000
28487  9.573  -81.541  -5.095 0.0000000000
28486  9.984  -80.197  -4.395 0.0000000000
127906  8.988  -80.492  -4.510 0.0000000000
127907  8.828  -81.134  -4.875 0.0000000000
161962  8.598  -81.754  -5.120 0.0000000000
2492  8.094  -80.715  -4.663 0.0000000000
53238  7.819  -81.266  -5.003 0.0000000000
127905  9.259  -79.695  -4.080 0.0000000000
53232  8.250  -79.960  -4.225 0.0000000000
62835  10.238  -79.467  -3.932 0.0000000000
127904  9.546  -78.979  -3.455 0.0000000000
22512  8.529  -79.183  -3.608 0.0000000000
28485  10.488  -78.706  -3.309 0.0000000000
127903  9.765  -78.243  -2.780 0.0000000000
114248  8.794  -78.456  -2.887 0.0000000000
114315  20.578  -78.651  -9.331 0.0000000000
5597  20.119  -78.691  -9.912 0.0000000000
114317  20.880  -79.172  -9.383 0.0000000000
22549  21.005  -78.590  -8.854 0.0000000000
127955  20.471  -78.068  -9.345 0.0000000000
127956  20.836  -78.003  -8.772 0.0000000000
114305  15.903  -78.165  -11.903 0.0000000000
90665  14.870  -78.379  -11.637 0.0000000000
53263  16.815  -78.131  -11.826 0.0000000000
114304  16.639  -77.565  -11.602 0.0000000000
22543  15.636  -77.703  -11.483 0.0000000000
114303  16.533  -77.112  -11.275 0.0000000000
5595  17.438  -76.573  -11.011 0.0000000000
114268  11.639  -82.875  -10.236 0.0000000000
90604  11.464  -83.260  -11.075 0.0000000000
53242  11.942  -82.530  -9.553 0.0000000000
114267  11.400  -83.490  -9.352 0.0000000000
22522  11.064  -83.817  -10.141 0.0000000000
22521  11.737  -83.243  -8.691 0.0000000000
114265  11.051  -84.050  -8.499 0.0000000000
114266  10.675  -84.357  -9.245 0.0000000000
161974  10.268  -84.618  -10.096 0.0000000000
10034  10.285  -84.800  -8.410 0.0000000000
114264  11.291  -83.624  -7.773 0.0000000000
90597  10.454  -84.416  -7.582 0.0000000000
53240  11.918  -82.787  -7.955 0.0000000000
114263  11.390  -83.100  -7.088 0.0000000000
22520  10.643  -83.818  -6.892 0.0000000000
114262  10.749  -83.108  -6.325 0.0000000000
161965  9.802  -83.611  -6.131 0.0000000000
90596  9.974  -82.723  -5.765 0.0000000000
114250  7.796  -78.668  -3.036 0.0000000000
5585  9.059  -77.776  -2.311 0.0000000000
114249  8.102  -77.924  -2.369 0.0000000000
90689  20.842  -80.760  -10.997 0.0000000000
90691  21.046  -81.256  -10.988 0.0000000000
10046  21.247  -80.625  -10.244 0.0000000000
90687  21.062  -80.166  -10.220 0.0000000000
114318  21.252  -79.640  -9.472 0.0000000000
114319  21.492  -80.106  -9.500 0.0000000000
90684  19.640  -78.745  -10.508 0.0000000000
127951  19.606  -78.105  -10.410 0.0000000000
127952  20.017  -78.110  -9.924 0.0000000000
90681  18.534  -82.285  -12.785 0.0000000000
90682  18.848  -83.056  -12.877 0.0000000000
90676  14.923  -83.194  -13.368 0.0000000000
90677  15.242  -84.061  -13.577 0.0000000000
90674  14.584  -82.308  -13.183 0.0000000000
90667  14.074  -78.751  -11.119 0.0000000000
90666  14.733  -78.008  -11.062 0.0000000000
162047  14.752  -77.779  -10.457 0.0000000000
162046  15.545  -77.382  -11.010 0.0000000000
10042  14.347  -77.920  -9.304 0.0000000000
90659  14.109  -78.339  -8.635 0.0000000000
90606  11.335  -83.787  -11.830 0.0000000000
90605  10.769  -84.205  -10.947 0.0000000000
90599  9.464  -84.963  -7.508 0.0000000000
90598  9.636  -84.312  -6.743 0.0000000000
90595  9.335  -82.263  -5.352 0.0000000000
40336  8.996  -83.100  -5.685 0.0000000000
161963  8.330  -82.515  -5.392 0.0000000000
62864  19.900  -76.281  -10.437 0.0000000000
62866  19.764  -76.876  -10.444 0.0000000000
5588  13.701  -79.310  -6.626 0.0000000000
62841  13.184  -80.121  -6.489 0.0000000000
62839  13.301  -79.389  -6.130 0.0000000000
5586  11.823  -79.250  -4.580 0.0000000000
62836  10.961  -79.781  -4.475 0.0000000000
62834  11.159  -79.012  -3.913 0.0000000000
53266  17.557  -79.610  -12.212 0.0000000000
53264  17.114  -78.863  -12.045 0.0000000000
53241  12.210  -82.287  -8.842 0.0000000000
53236  7.112  -80.837  -4.823 0.0000000000
53237  6.902  -81.481  -5.180 0.0000000000
22518  7.646  -81.968  -5.285 0.0000000000
114259  6.759  -82.214  -5.523 0.0000000000
22516  6.196  -81.016  -5.031 0.0000000000
114258  6.123  -81.759  -5.417 0.0000000000
53234  7.323  -80.164  -4.417 0.0000000000
53235  6.383  -80.254  -4.566 0.0000000000
114255  5.594  -80.370  -4.698 0.0000000000
22514  6.590  -79.563  -3.990 0.0000000000
114254  5.763  -79.649  -4.133 0.0000000000
53233  7.515  -79.375  -3.820 0.0000000000
114251  6.887  -78.826  -3.240 0.0000000000
161964  8.048  -83.405  -5.747 0.0000000000
161966  8.812  -83.949  -6.116 0.0000000000
62867  19.600  -77.491  -10.417 0.0000000000
53270  21.351  -79.121  -8.864 0.0000000000
53269  21.570  -78.564  -8.257 0.0000000000
127957  21.374  -77.977  -8.158 0.0000000000
114260  7.395  -82.769  -5.625 0.0000000000
114256  5.472  -81.204  -5.109 0.0000000000
114252  6.020  -78.944  -3.491 0.0000000000
114320  21.666  -80.487  -9.526 0.0000000000
53271  21.908  -79.046  -8.309 0.0000000000
2497  22.196  -78.503  -7.693 0.0000000000
127958  21.981  -77.951  -7.613 0.0000000000
22551  21.724  -79.575  -8.869 0.0000000000
53273  22.524  -78.902  -7.770 0.0000000000
53272  22.221  -79.443  -8.374 0.0000000000
114322  22.441  -79.847  -8.272 0.0000000000
22553  22.796  -79.294  -7.785 0.0000000000
114321  21.944  -79.953  -8.919 0.0000000000
162105  22.959  -78.287  -7.193 0.0000000000
162106  23.201  -78.722  -7.283 0.0000000000
5596  20.444  -76.296  -10.040 0.0000000000
62868  20.188  -76.864  -9.961 0.0000000000
28506  20.085  -77.458  -9.939 0.0000000000
97625  20.834  -76.324  -9.439 0.0000000000
127953  20.533  -76.937  -9.402 0.0000000000
40337  8.666  -84.701  -6.782 0.0000000000
13277  21.132  -76.397  -8.872 0.0000000000
97624  21.092  -75.684  -9.588 0.0000000000
97626  21.419  -75.813  -8.954 0.0000000000
161938  7.515  -77.557  -1.982 0.0000000000
22513  7.185  -78.101  -2.504 0.0000000000
90574  8.390  -77.395  -1.808 0.0000000000
90575  6.321  -78.219  -2.731 0.0000000000
10031  5.508  -78.353  -2.923 0.0000000000
114253  5.259  -79.075  -3.571 0.0000000000
161947  4.640  -79.362  -3.532 0.0000000000
22515  5.068  -79.812  -4.201 0.0000000000
90581  4.782  -78.537  -2.886 0.0000000000
90582  4.913  -80.620  -4.674 0.0000000000
10032  4.858  -81.574  -5.101 0.0000000000
114257  5.381  -82.070  -5.494 0.0000000000
161956  5.302  -82.935  -5.853 0.0000000000
22517  5.979  -82.453  -5.787 0.0000000000
90588  4.831  -82.540  -5.415 0.0000000000
90589  6.556  -83.008  -5.917 0.0000000000
10033  7.150  -83.580  -6.039 0.0000000000
22552  22.065  -80.386  -8.853 0.0000000000
114323  22.934  -79.619  -7.765 0.0000000000
90694  22.520  -80.192  -8.303 0.0000000000
10047  23.112  -79.947  -7.848 0.0000000000
162107  23.451  -79.036  -7.305 0.0000000000
162108  23.570  -79.383  -7.415 0.0000000000
127954  20.462  -77.492  -9.334 0.0000000000
62870  20.939  -76.959  -8.745 0.0000000000
28507  20.885  -77.476  -8.735 0.0000000000
62872  21.307  -77.460  -8.114 0.0000000000
28508  21.827  -77.427  -7.557 0.0000000000
162095  22.488  -77.389  -7.068 0.0000000000
162096  22.667  -77.865  -7.123 0.0000000000
40327  7.756  -77.093  -1.284 0.0000000000
90576  6.649  -77.608  -2.078 0.0000000000
161939  7.006  -77.166  -1.424 0.0000000000
40328  6.245  -77.226  -1.535 0.0000000000
161940  6.501  -76.720  -0.794 0.0000000000
161937  7.249  -76.623  -0.623 0.0000000000
40330  4.343  -78.957  -2.665 0.0000000000
90583  4.492  -80.180  -4.072 0.0000000000
161948  4.216  -79.780  -3.281 0.0000000000
40331  4.151  -80.674  -3.796 0.0000000000
161949  4.009  -80.312  -2.956 0.0000000000
161946  4.023  -79.456  -2.331 0.0000000000
161950  4.067  -81.254  -3.338 0.0000000000
10029  3.959  -80.070  -1.958 0.0000000000
90563  4.053  -80.900  -2.416 0.0000000000
40323  4.162  -81.842  -2.789 0.0000000000
90585  4.157  -81.689  -4.201 0.0000000000
161951  4.124  -82.282  -3.688 0.0000000000
40332  4.219  -82.693  -4.462 0.0000000000
161952  4.222  -83.215  -3.957 0.0000000000
161925  4.232  -82.810  -3.119 0.0000000000
161953  4.296  -83.611  -4.758 0.0000000000
340  4.423  -83.665  -3.364 0.0000000000
42300  4.391  -84.019  -4.171 0.0000000000
11580  4.448  -84.292  -4.841 0.0000000000
90587  4.457  -83.032  -5.157 0.0000000000
161954  4.503  -83.845  -5.341 0.0000000000
40333  4.822  -83.402  -5.697 0.0000000000
161955  4.816  -84.163  -5.888 0.0000000000
94572  4.564  -84.617  -5.459 0.0000000000
161957  5.234  -83.707  -6.148 0.0000000000
90590  5.821  -83.273  -6.189 0.0000000000
161967  7.816  -84.195  -6.210 0.0000000000
40380  23.280  -77.281  -6.711 0.0000000000
162104  23.486  -77.701  -6.745 0.0000000000
40383  23.710  -78.086  -6.837 0.0000000000
90715  23.950  -78.498  -6.951 0.0000000000
40384  24.212  -78.792  -7.026 0.0000000000
162110  24.421  -79.114  -7.185 0.0000000000
162111  23.828  -79.717  -7.534 0.0000000000
40385  24.684  -79.433  -7.300 0.0000000000
90718  25.327  -78.856  -7.011 0.0000000000
162109  25.069  -78.508  -6.911 0.0000000000
161945  4.185  -78.647  -1.842 0.0000000000
114242  3.986  -79.187  -1.482 0.0000000000
90580  4.521  -78.218  -2.090 0.0000000000
161944  4.318  -77.948  -1.246 0.0000000000
22508  4.100  -78.419  -0.955 0.0000000000
40329  4.784  -77.592  -1.490 0.0000000000
161943  4.511  -77.259  -0.576 0.0000000000
53228  4.183  -77.663  -0.246 0.0000000000
161942  5.011  -76.936  -0.788 0.0000000000
161934  4.676  -76.548  0.036 0.0000000000
2491  4.373  -76.914  0.307 0.0000000000
161924  4.447  -82.393  -2.238 0.0000000000
130692  4.579  -83.273  -2.503 0.0000000000
90562  4.292  -81.507  -1.907 0.0000000000
161923  4.665  -82.020  -1.372 0.0000000000
29556  4.830  -82.892  -1.717 0.0000000000
40322  4.501  -81.211  -0.944 0.0000000000
161922  4.972  -81.680  -0.526 0.0000000000
64980  5.180  -82.469  -0.932 0.0000000000
161921  4.771  -80.916  -0.027 0.0000000000
161919  5.486  -81.276  0.160 0.0000000000
6084  5.776  -82.022  -0.281 0.0000000000
90560  4.347  -80.382  -0.490 0.0000000000
161920  4.581  -80.094  0.351 0.0000000000
40321  5.194  -80.559  0.594 0.0000000000
22507  4.201  -79.505  -0.081 0.0000000000
114239  4.379  -79.228  0.753 0.0000000000
90558  4.951  -79.800  1.022 0.0000000000
161918  6.070  -80.913  0.747 0.0000000000
98892  6.392  -81.548  0.284 0.0000000000
90557  5.715  -80.268  1.232 0.0000000000
161917  6.712  -80.616  1.355 0.0000000000
13980  7.071  -81.166  0.818 0.0000000000
40320  6.216  -79.976  1.846 0.0000000000
161916  7.363  -80.303  1.872 0.0000000000
44700  7.789  -80.781  1.342 0.0000000000
130691  5.011  -83.603  -2.000 0.0000000000
42296  4.768  -84.011  -2.710 0.0000000000
64979  5.346  -83.214  -1.285 0.0000000000
130690  5.605  -83.836  -1.612 0.0000000000
11576  5.290  -84.285  -2.256 0.0000000000
29555  6.142  -83.326  -0.981 0.0000000000
130689  6.428  -83.949  -1.327 0.0000000000
94564  5.993  -84.488  -1.914 0.0000000000
130688  7.103  -83.363  -0.874 0.0000000000
130686  7.403  -83.969  -1.286 0.0000000000
3896  6.749  -84.605  -1.728 0.0000000000
64977  6.802  -82.775  -0.498 0.0000000000
130687  7.785  -82.821  -0.395 0.0000000000
29554  8.127  -83.391  -0.795 0.0000000000
13979  7.496  -82.241  -0.028 0.0000000000
98889  8.544  -82.290  0.057 0.0000000000
64975  8.838  -82.873  -0.286 0.0000000000
130685  8.396  -84.013  -1.205 0.0000000000
57766  7.694  -84.633  -1.682 0.0000000000
64974  9.146  -83.471  -0.663 0.0000000000
130684  9.423  -84.114  -1.020 0.0000000000
25444  8.680  -84.694  -1.537 0.0000000000
29553  10.165  -83.531  -0.498 0.0000000000
130683  10.400  -84.167  -0.787 0.0000000000
120808  9.718  -84.753  -1.335 0.0000000000
130682  11.157  -83.606  -0.252 0.0000000000
130674  11.333  -84.248  -0.422 0.0000000000
819  10.600  -84.836  -0.972 0.0000000000
64972  10.909  -83.022  0.007 0.0000000000
130681  11.901  -83.128  0.266 0.0000000000
29550  12.107  -83.704  0.126 0.0000000000
130673  12.260  -84.285  0.088 0.0000000000
48166  11.475  -84.867  -0.484 0.0000000000
64964  13.069  -83.729  0.741 0.0000000000
130672  13.165  -84.275  0.754 0.0000000000
17446  12.340  -84.863  0.094 0.0000000000
29549  13.922  -83.786  1.431 0.0000000000
130671  13.928  -84.302  1.453 0.0000000000
105130  13.134  -84.822  0.733 0.0000000000
120810  8.956  -85.378  -1.792 0.0000000000
120809  9.894  -85.439  -1.465 0.0000000000
114241  4.051  -78.908  -0.520 0.0000000000
90559  4.043  -79.805  -0.988 0.0000000000
53227  4.129  -78.129  0.070 0.0000000000
114240  4.181  -78.650  0.405 0.0000000000
22506  4.268  -77.889  0.963 0.0000000000
114238  4.398  -78.423  1.188 0.0000000000
10028  4.823  -78.981  1.398 0.0000000000
114237  4.478  -77.657  1.797 0.0000000000
90552  4.784  -78.200  1.940 0.0000000000
53225  4.359  -77.103  1.524 0.0000000000
114236  4.487  -76.883  2.289 0.0000000000
22505  4.756  -77.345  2.493 0.0000000000
98891  7.274  -81.668  0.391 0.0000000000
64976  6.590  -82.162  -0.123 0.0000000000
44699  8.047  -81.219  0.870 0.0000000000
98890  8.286  -81.731  0.424 0.0000000000
13978  9.169  -81.270  0.955 0.0000000000
98888  9.329  -81.809  0.555 0.0000000000
6083  9.580  -82.366  0.191 0.0000000000
98887  10.213  -81.376  1.078 0.0000000000
64969  10.365  -81.906  0.707 0.0000000000
94571  4.497  -84.949  -4.883 0.0000000000
42299  4.521  -84.662  -4.282 0.0000000000
94570  4.627  -85.348  -4.336 0.0000000000
11578  4.753  -85.036  -3.695 0.0000000000
94568  4.953  -85.744  -3.822 0.0000000000
94567  5.154  -85.407  -3.110 0.0000000000
57769  5.480  -86.069  -3.402 0.0000000000
3898  5.131  -86.466  -4.024 0.0000000000
42297  4.983  -84.742  -2.944 0.0000000000
94566  5.579  -84.962  -2.522 0.0000000000
11577  5.849  -85.618  -2.826 0.0000000000
94565  6.275  -85.139  -2.268 0.0000000000
120813  6.605  -85.792  -2.665 0.0000000000
57768  7.040  -85.294  -2.149 0.0000000000
90586  4.419  -82.067  -4.899 0.0000000000
90584  4.364  -81.032  -4.567 0.0000000000
90579  5.066  -77.889  -2.268 0.0000000000
90577  5.823  -77.701  -2.256 0.0000000000
90578  5.436  -77.319  -1.641 0.0000000000
161941  5.733  -76.781  -0.879 0.0000000000
90561  4.176  -80.664  -1.422 0.0000000000
90556  5.383  -79.523  1.656 0.0000000000
90554  5.239  -78.691  2.018 0.0000000000
90555  5.849  -79.169  2.184 0.0000000000
161915  6.862  -79.598  2.237 0.0000000000
40319  5.724  -78.373  2.604 0.0000000000
161914  6.558  -78.791  2.588 0.0000000000
90553  5.170  -77.897  2.581 0.0000000000
64978  5.950  -82.682  -0.641 0.0000000000
64973  9.873  -82.942  -0.166 0.0000000000
64971  10.601  -82.449  0.320 0.0000000000
29552  11.641  -82.545  0.518 0.0000000000
64970  11.382  -82.017  0.832 0.0000000000
13977  11.169  -81.531  1.174 0.0000000000
64963  13.788  -83.262  1.383 0.0000000000
64965  12.875  -83.188  0.763 0.0000000000
62871  21.380  -76.967  -8.075 0.0000000000
62873  21.856  -76.896  -7.575 0.0000000000
5598  21.919  -76.429  -7.603 0.0000000000
62869  21.501  -76.434  -8.199 0.0000000000
97627  21.720  -75.852  -8.301 0.0000000000
97628  22.117  -75.882  -7.627 0.0000000000
57771  5.684  -86.808  -3.662 0.0000000000
57770  6.172  -86.307  -3.160 0.0000000000
57767  7.986  -85.324  -2.021 0.0000000000
25446  7.434  -85.918  -2.586 0.0000000000
120811  8.292  -85.986  -2.312 0.0000000000
53226  4.241  -77.377  0.669 0.0000000000
48168  10.746  -85.461  -1.020 0.0000000000
48167  11.595  -85.429  -0.427 0.0000000000
820  8.507  -80.461  1.797 0.0000000000
44698  8.857  -80.846  1.384 0.0000000000
44696  9.647  -80.506  1.793 0.0000000000
44697  9.987  -80.917  1.438 0.0000000000
42298  4.594  -84.374  -3.598 0.0000000000
90719  25.623  -79.090  -7.264 0.0000000000
162094  22.405  -76.870  -7.075 0.0000000000
120812  7.711  -86.608  -2.782 0.0000000000
120814  6.911  -86.495  -2.989 0.0000000000
105132  12.393  -85.380  0.208 0.0000000000
162090  22.536  -75.888  -7.140 0.0000000000
162093  22.458  -76.384  -7.116 0.0000000000
105133  11.670  -85.958  -0.262 0.0000000000
17448  10.888  -86.025  -0.947 0.0000000000
143656  10.049  -86.069  -1.471 0.0000000000
25447  6.381  -87.080  -3.425 0.0000000000
105131  13.181  -85.335  0.824 0.0000000000
17447  12.402  -85.905  0.410 0.0000000000
105134  10.953  -86.606  -0.746 0.0000000000
75379  11.679  -86.510  -0.029 0.0000000000
7951  10.943  -87.130  -0.478 0.0000000000
143657  10.183  -86.641  -1.367 0.0000000000
143658  10.269  -87.201  -1.134 0.0000000000
25445  9.171  -86.048  -1.932 0.0000000000
75384  8.518  -86.666  -2.423 0.0000000000
3897  7.858  -87.282  -2.782 0.0000000000
120815  7.109  -87.217  -3.135 0.0000000000
75385  9.356  -86.674  -1.918 0.0000000000
34198  9.512  -87.239  -1.764 0.0000000000
143661  10.366  -87.731  -0.817 0.0000000000
143662  10.530  -88.205  -0.521 0.0000000000
75383  11.030  -87.640  -0.180 0.0000000000
34197  11.193  -88.112  0.095 0.0000000000
143663  10.741  -88.578  -0.332 0.0000000000
143664  11.034  -88.830  -0.303 0.0000000000
143655  11.414  -88.460  0.260 0.0000000000
1762  11.703  -88.672  0.248 0.0000000000
143654  11.787  -88.048  0.720 0.0000000000
120807  12.034  -88.343  0.816 0.0000000000
75382  11.667  -87.563  0.462 0.0000000000
143653  12.245  -87.515  1.099 0.0000000000
25443  12.360  -88.025  1.313 0.0000000000
34196  12.300  -86.970  0.860 0.0000000000
143652  12.894  -86.935  1.535 0.0000000000
57765  12.839  -87.480  1.740 0.0000000000
143651  12.999  -86.399  1.275 0.0000000000
143649  13.705  -86.320  2.037 0.0000000000
3895  13.504  -86.896  2.257 0.0000000000
75380  12.353  -86.439  0.626 0.0000000000
143650  13.065  -85.894  1.006 0.0000000000
34195  13.783  -85.800  1.747 0.0000000000
75378  13.874  -85.326  1.621 0.0000000000
143648  14.411  -85.797  2.588 0.0000000000
94563  14.258  -86.306  2.841 0.0000000000
75377  14.545  -85.323  2.446 0.0000000000
143647  15.120  -85.372  3.292 0.0000000000
11575  14.926  -85.825  3.497 0.0000000000
29547  15.324  -84.889  3.226 0.0000000000
130665  15.645  -84.978  4.210 0.0000000000
42295  15.431  -85.455  4.292 0.0000000000
120806  12.643  -88.262  1.368 0.0000000000
48161  12.368  -88.530  0.786 0.0000000000
57764  12.960  -87.932  1.894 0.0000000000
120805  13.275  -88.198  1.984 0.0000000000
17441  13.031  -88.397  1.395 0.0000000000
25442  13.576  -87.852  2.551 0.0000000000
120804  13.855  -88.127  2.638 0.0000000000
105121  13.613  -88.304  2.046 0.0000000000
120803  13.990  -87.836  3.292 0.0000000000
120801  14.128  -88.118  3.423 0.0000000000
3894  14.050  -88.285  2.750 0.0000000000
57762  13.918  -87.417  3.187 0.0000000000
120802  14.279  -87.397  4.013 0.0000000000
25441  14.223  -87.837  4.121 0.0000000000
11574  14.408  -86.856  3.842 0.0000000000
94560  14.650  -86.858  4.806 0.0000000000
57760  14.471  -87.352  4.902 0.0000000000
120800  14.322  -88.130  4.281 0.0000000000
75361  14.338  -88.321  3.553 0.0000000000
57759  14.358  -87.829  5.024 0.0000000000
120799  14.369  -88.143  5.114 0.0000000000
25440  14.466  -88.345  4.369 0.0000000000
25439  14.211  -87.770  5.848 0.0000000000
120797  14.189  -88.115  5.963 0.0000000000
120798  14.426  -88.367  5.220 0.0000000000
143629  14.628  -88.546  4.451 0.0000000000
1760  14.200  -88.390  6.073 0.0000000000
48160  14.501  -88.611  5.280 0.0000000000
156731  13.707  -88.096  6.754 0.0000000000
156732  13.816  -87.786  6.698 0.0000000000
6081  13.895  -84.819  1.501 0.0000000000
105123  13.385  -88.532  1.404 0.0000000000
105122  13.896  -88.476  2.099 0.0000000000
94562  14.672  -86.312  3.693 0.0000000000
57761  13.984  -86.865  3.002 0.0000000000
42294  15.176  -85.882  4.531 0.0000000000
94561  14.896  -86.362  4.697 0.0000000000
11573  15.201  -85.886  5.533 0.0000000000
94559  14.889  -86.309  5.688 0.0000000000
3893  14.589  -86.803  5.735 0.0000000000
156737  14.625  -86.354  6.581 0.0000000000
156738  14.969  -85.925  6.506 0.0000000000
75386  8.705  -87.269  -2.309 0.0000000000
75381  11.651  -87.027  0.197 0.0000000000
75376  14.623  -84.847  2.347 0.0000000000
75363  14.312  -88.470  2.866 0.0000000000
75362  14.583  -88.492  3.602 0.0000000000
57763  13.418  -87.433  2.429 0.0000000000
57758  14.351  -87.315  5.773 0.0000000000
156733  13.991  -87.380  6.601 0.0000000000
156734  14.273  -86.834  6.621 0.0000000000
48158  14.196  -88.692  6.092 0.0000000000
48159  14.565  -88.910  5.354 0.0000000000
17440  14.783  -88.792  4.506 0.0000000000
105119  14.917  -89.139  4.588 0.0000000000
17438  14.164  -88.995  6.195 0.0000000000
105118  14.621  -89.268  5.431 0.0000000000
156721  13.590  -88.738  6.851 0.0000000000
156722  13.640  -88.402  6.789 0.0000000000
105120  14.954  -89.016  3.771 0.0000000000
143630  14.806  -88.681  3.719 0.0000000000
105116  14.176  -89.373  6.200 0.0000000000
156720  13.561  -89.080  6.913 0.0000000000
34189  14.564  -88.703  2.911 0.0000000000
7946  14.210  -89.769  6.176 0.0000000000
105117  14.712  -89.699  5.376 0.0000000000
156719  13.589  -89.470  6.936 0.0000000000
143631  14.812  -88.971  2.954 0.0000000000
38587  12.802  -89.128  7.451 0.0000000000
156718  12.753  -89.548  7.471 0.0000000000
156716  13.500  -89.862  6.978 0.0000000000
86225  12.845  -88.737  7.451 0.0000000000
38588  12.922  -88.377  7.431 0.0000000000
156730  13.040  -88.030  7.370 0.0000000000
38591  13.188  -87.730  7.404 0.0000000000
86233  12.435  -87.587  7.894 0.0000000000
156729  12.252  -87.954  7.883 0.0000000000
86235  13.460  -87.344  7.397 0.0000000000
38592  13.776  -86.852  7.429 0.0000000000
156736  14.154  -86.351  7.432 0.0000000000
38590  11.541  -87.467  8.030 0.0000000000
156728  11.376  -87.885  8.061 0.0000000000
86226  12.095  -88.332  7.907 0.0000000000
156727  10.665  -87.383  8.017 0.0000000000
156725  10.457  -87.846  7.943 0.0000000000
9450  11.150  -88.277  8.113 0.0000000000
86231  10.882  -86.899  8.188 0.0000000000
156726  10.014  -86.810  7.991 0.0000000000
38589  9.795  -87.343  7.795 0.0000000000
21063  10.206  -86.282  8.319 0.0000000000
111641  9.472  -86.240  8.074 0.0000000000
86229  9.216  -86.774  7.766 0.0000000000
156724  9.594  -87.831  7.707 0.0000000000
111639  10.220  -88.251  7.938 0.0000000000
86228  9.045  -87.360  7.552 0.0000000000
156723  8.823  -87.928  7.440 0.0000000000
21061  9.408  -88.305  7.720 0.0000000000
27612  8.221  -87.335  7.422 0.0000000000
125868  7.973  -87.909  7.371 0.0000000000
51781  8.575  -88.390  7.495 0.0000000000
86223  11.907  -89.155  7.849 0.0000000000
156717  11.849  -89.604  7.847 0.0000000000
38586  12.705  -89.948  7.496 0.0000000000
21060  10.972  -89.170  8.065 0.0000000000
111636  10.882  -89.694  8.056 0.0000000000
86221  11.795  -90.104  7.849 0.0000000000
125867  7.224  -87.882  7.306 0.0000000000
2297  7.723  -88.490  7.377 0.0000000000
125869  7.471  -87.278  7.357 0.0000000000
27611  6.808  -87.198  7.337 0.0000000000
125866  6.553  -87.855  7.310 0.0000000000
51775  7.052  -88.567  7.362 0.0000000000
61378  6.091  -87.168  7.481 0.0000000000
125865  5.949  -87.826  7.499 0.0000000000
21055  6.437  -88.606  7.430 0.0000000000
111638  10.110  -88.704  7.983 0.0000000000
86222  10.987  -88.695  8.138 0.0000000000
51780  9.236  -88.780  7.801 0.0000000000
111637  10.004  -89.226  8.006 0.0000000000
21059  9.129  -89.332  7.854 0.0000000000
111635  9.894  -89.814  8.059 0.0000000000
9449  10.782  -90.265  8.096 0.0000000000
111634  8.968  -89.999  7.988 0.0000000000
86215  9.804  -90.470  8.180 0.0000000000
51778  8.270  -89.544  7.741 0.0000000000
111633  8.166  -90.229  7.839 0.0000000000
21058  8.984  -90.718  8.046 0.0000000000
21057  7.481  -89.778  7.571 0.0000000000
111631  7.529  -90.419  7.698 0.0000000000
111632  8.261  -90.907  7.895 0.0000000000
156708  9.111  -91.387  8.125 0.0000000000
9448  7.644  -91.082  7.848 0.0000000000
86214  8.421  -91.575  8.026 0.0000000000
111630  6.908  -89.920  7.583 0.0000000000
86208  6.958  -90.601  7.737 0.0000000000
51776  6.951  -89.263  7.473 0.0000000000
111629  6.388  -89.281  7.556 0.0000000000
21056  6.406  -89.947  7.708 0.0000000000
111627  5.890  -88.519  7.594 0.0000000000
111628  5.895  -89.262  7.760 0.0000000000
86234  12.651  -87.196  7.939 0.0000000000
86236  12.973  -86.723  7.989 0.0000000000
9451  12.073  -86.595  8.337 0.0000000000
86232  11.769  -87.039  8.171 0.0000000000
86230  11.155  -86.431  8.437 0.0000000000
111643  10.633  -85.802  8.640 0.0000000000
111644  11.498  -86.012  8.707 0.0000000000
86227  8.468  -86.737  7.577 0.0000000000
86224  11.970  -88.717  7.871 0.0000000000
86219  11.749  -90.658  7.871 0.0000000000
86220  12.757  -90.465  7.435 0.0000000000
38585  12.738  -90.984  7.467 0.0000000000
86217  10.808  -90.911  8.126 0.0000000000
86218  11.808  -91.271  7.927 0.0000000000
38584  10.936  -91.536  8.199 0.0000000000
86216  9.930  -91.198  8.184 0.0000000000
156709  10.101  -91.787  8.338 0.0000000000
86212  7.827  -91.730  8.035 0.0000000000
86213  8.664  -92.120  8.235 0.0000000000
38583  9.286  -91.971  8.288 0.0000000000
156706  9.544  -92.404  8.489 0.0000000000
38582  8.119  -92.268  8.297 0.0000000000
156705  8.948  -92.612  8.494 0.0000000000
86210  7.085  -91.237  7.925 0.0000000000
86211  7.307  -91.808  8.172 0.0000000000
156703  7.561  -92.350  8.505 0.0000000000
38581  6.591  -91.235  8.162 0.0000000000
156702  6.751  -91.850  8.470 0.0000000000
86209  6.474  -90.595  7.904 0.0000000000
156700  6.042  -90.604  8.246 0.0000000000
156699  5.936  -89.900  7.954 0.0000000000
51779  8.411  -88.910  7.607 0.0000000000
51777  7.572  -89.151  7.496 0.0000000000
156735  13.306  -86.243  8.076 0.0000000000
156710  11.064  -92.103  8.346 0.0000000000
156707  10.251  -92.298  8.463 0.0000000000
156704  8.398  -92.755  8.633 0.0000000000
156701  6.187  -91.271  8.545 0.0000000000
125870  7.700  -86.680  7.468 0.0000000000
111645  12.446  -86.149  8.492 0.0000000000
61380  7.024  -86.593  7.478 0.0000000000
86207  5.471  -89.177  8.161 0.0000000000
38580  5.558  -89.899  8.406 0.0000000000
156698  5.709  -90.672  8.725 0.0000000000
9447  5.838  -91.289  8.999 0.0000000000
86204  6.353  -91.867  8.888 0.0000000000
38579  6.971  -92.407  8.866 0.0000000000
156695  7.823  -92.849  8.893 0.0000000000
2294  8.627  -93.171  8.908 0.0000000000
51756  9.195  -93.046  8.758 0.0000000000
21036  9.859  -92.886  8.703 0.0000000000
111594  10.467  -92.766  8.631 0.0000000000
9440  11.187  -92.670  8.486 0.0000000000
156697  5.371  -89.969  9.016 0.0000000000
111626  5.443  -90.631  9.309 0.0000000000
156694  7.299  -92.910  9.286 0.0000000000
125835  8.096  -93.302  9.237 0.0000000000
86203  6.547  -92.403  9.327 0.0000000000
156693  6.844  -92.874  9.804 0.0000000000
27597  7.637  -93.398  9.737 0.0000000000
38578  6.191  -92.426  9.960 0.0000000000
156692  6.420  -92.961  10.479 0.0000000000
61356  7.121  -93.416  10.326 0.0000000000
156691  5.845  -92.472  10.678 0.0000000000
156689  6.057  -92.994  11.205 0.0000000000
5091  6.678  -93.485  11.005 0.0000000000
86201  5.683  -91.924  10.185 0.0000000000
156690  5.487  -91.892  10.981 0.0000000000
38577  5.577  -92.432  11.447 0.0000000000
21053  5.399  -91.274  10.488 0.0000000000
111623  5.335  -91.273  11.272 0.0000000000
86199  5.389  -91.804  11.738 0.0000000000
156688  5.705  -92.974  11.969 0.0000000000
96717  6.222  -93.474  11.682 0.0000000000
86198  5.478  -92.328  12.298 0.0000000000
156687  5.645  -92.817  12.766 0.0000000000
12771  5.910  -93.388  12.401 0.0000000000
38576  5.582  -92.178  13.088 0.0000000000
156686  5.901  -92.667  13.411 0.0000000000
43491  5.923  -93.321  13.069 0.0000000000
156685  5.951  -92.007  13.669 0.0000000000
156659  6.325  -92.397  13.927 0.0000000000
552  6.206  -93.038  13.662 0.0000000000
38567  6.473  -91.715  14.089 0.0000000000
156658  6.830  -91.978  14.210 0.0000000000
135222  6.644  -92.647  14.055 0.0000000000
86173  6.993  -91.267  14.227 0.0000000000
156657  7.302  -91.504  14.299 0.0000000000
31224  7.163  -92.220  14.277 0.0000000000
135221  7.035  -92.940  14.204 0.0000000000
43487  6.522  -93.339  13.879 0.0000000000
68555  7.509  -92.460  14.326 0.0000000000
135220  7.473  -93.207  14.343 0.0000000000
12767  6.968  -93.706  14.085 0.0000000000
31223  7.981  -92.734  14.415 0.0000000000
135219  7.967  -93.471  14.447 0.0000000000
96709  7.478  -93.944  14.225 0.0000000000
135218  8.473  -92.994  14.397 0.0000000000
135216  8.472  -93.769  14.381 0.0000000000
5087  8.001  -94.245  14.276 0.0000000000
68553  8.511  -92.187  14.367 0.0000000000
135217  8.983  -92.379  14.273 0.0000000000
31222  8.976  -93.200  14.315 0.0000000000
135215  9.000  -94.011  14.319 0.0000000000
61342  8.540  -94.539  14.282 0.0000000000
68550  9.465  -93.394  14.311 0.0000000000
135214  9.514  -94.191  14.239 0.0000000000
27589  9.091  -94.772  14.272 0.0000000000
31221  9.973  -93.602  14.177 0.0000000000
135213  10.026  -94.353  14.108 0.0000000000
125815  9.599  -94.944  14.105 0.0000000000
135212  10.506  -93.818  14.016 0.0000000000
135204  10.576  -94.545  13.957 0.0000000000
1215  10.107  -95.070  13.953 0.0000000000
68548  10.483  -93.066  14.024 0.0000000000
135211  10.983  -93.322  13.839 0.0000000000
31218  11.033  -94.057  13.822 0.0000000000
31220  11.013  -92.518  13.801 0.0000000000
135210  11.554  -92.763  13.678 0.0000000000
68541  11.536  -93.495  13.691 0.0000000000
135203  11.121  -94.725  13.695 0.0000000000
51742  10.635  -95.225  13.761 0.0000000000
68540  11.577  -94.189  13.637 0.0000000000
135202  11.617  -94.861  13.392 0.0000000000
21022  11.168  -95.415  13.474 0.0000000000
31217  12.040  -94.307  13.355 0.0000000000
135201  12.053  -94.964  13.079 0.0000000000
111568  11.672  -95.536  13.141 0.0000000000
135200  12.530  -94.393  13.017 0.0000000000
135198  12.554  -95.049  12.710 0.0000000000
6795  12.146  -95.636  12.786 0.0000000000
68538  12.580  -93.722  13.286 0.0000000000
135199  13.120  -93.834  13.013 0.0000000000
31216  13.066  -94.442  12.691 0.0000000000
15165  13.172  -93.162  13.332 0.0000000000
101025  13.714  -93.232  13.165 0.0000000000
68536  13.641  -93.859  12.778 0.0000000000
135197  13.108  -95.064  12.368 0.0000000000
86107  12.648  -95.717  12.413 0.0000000000
68535  13.604  -94.435  12.418 0.0000000000
135196  13.696  -95.061  12.091 0.0000000000
31215  13.264  -95.698  12.075 0.0000000000
31214  14.207  -94.408  12.265 0.0000000000
135194  14.360  -95.048  11.959 0.0000000000
135195  13.997  -95.683  11.868 0.0000000000
156579  13.609  -96.283  11.901 0.0000000000
550  14.744  -95.670  11.882 0.0000000000
43486  14.381  -96.274  11.710 0.0000000000
135706  14.940  -94.633  12.202 0.0000000000
43615  15.236  -95.281  12.083 0.0000000000
125834  8.426  -93.756  9.658 0.0000000000
51752  8.890  -93.583  9.211 0.0000000000
61355  7.905  -93.869  10.193 0.0000000000
125833  8.675  -94.245  10.049 0.0000000000
21032  9.232  -94.039  9.583 0.0000000000
27596  8.130  -94.335  10.614 0.0000000000
125832  8.874  -94.753  10.370 0.0000000000
111586  9.401  -94.617  9.918 0.0000000000
125831  8.308  -94.895  10.911 0.0000000000
125829  9.047  -95.321  10.594 0.0000000000
5090  9.511  -95.246  10.076 0.0000000000
61353  7.568  -94.428  11.187 0.0000000000
125830  7.744  -94.964  11.518 0.0000000000
27595  8.488  -95.511  11.166 0.0000000000
12770  7.014  -94.441  11.791 0.0000000000
96714  7.299  -94.990  12.108 0.0000000000
61351  8.004  -95.569  11.770 0.0000000000
125828  9.170  -96.042  10.806 0.0000000000
86137  9.582  -95.944  10.219 0.0000000000
61350  8.693  -96.131  11.380 0.0000000000
125827  9.253  -96.718  10.941 0.0000000000
27594  9.623  -96.672  10.356 0.0000000000
27593  8.897  -96.720  11.557 0.0000000000
125825  9.311  -97.319  11.048 0.0000000000
125826  9.641  -97.397  10.429 0.0000000000
156615  9.898  -97.375  9.822 0.0000000000
125824  8.938  -97.210  11.689 0.0000000000
61348  8.472  -96.616  12.239 0.0000000000
125823  8.637  -96.993  12.409 0.0000000000
21025  9.057  -97.619  11.896 0.0000000000
27592  8.237  -96.397  12.875 0.0000000000
125822  8.568  -96.733  13.026 0.0000000000
111573  8.920  -97.382  12.554 0.0000000000
125821  8.203  -96.119  13.410 0.0000000000
125819  8.654  -96.424  13.473 0.0000000000
5088  8.907  -97.103  13.055 0.0000000000
61346  7.770  -95.803  13.254 0.0000000000
125820  7.816  -95.472  13.712 0.0000000000
27591  8.336  -95.788  13.782 0.0000000000
12768  7.391  -95.067  13.615 0.0000000000
96710  7.621  -94.678  14.024 0.0000000000
61344  8.106  -95.036  14.068 0.0000000000
125818  8.921  -95.965  13.921 0.0000000000
86115  9.114  -96.648  13.524 0.0000000000
61343  8.680  -95.254  14.200 0.0000000000
125817  9.219  -95.468  14.138 0.0000000000
27590  9.378  -96.163  13.812 0.0000000000
125816  9.709  -95.664  13.941 0.0000000000
156588  9.835  -96.379  13.693 0.0000000000
51744  10.206  -95.819  13.780 0.0000000000
21054  5.255  -89.956  9.720 0.0000000000
111625  5.316  -90.581  9.998 0.0000000000
86200  5.513  -91.269  9.671 0.0000000000
51773  5.259  -89.906  10.450 0.0000000000
111624  5.320  -90.572  10.768 0.0000000000
111622  5.371  -90.559  11.555 0.0000000000
9446  5.352  -91.160  12.010 0.0000000000
111593  10.692  -93.232  8.828 0.0000000000
86147  11.314  -93.151  8.687 0.0000000000
51755  10.052  -93.309  8.945 0.0000000000
111588  9.896  -94.489  9.523 0.0000000000
111587  9.996  -95.151  9.674 0.0000000000
111575  9.284  -97.979  12.102 0.0000000000
111574  9.248  -97.685  12.672 0.0000000000
111570  11.270  -96.110  13.222 0.0000000000
111569  11.830  -96.232  12.878 0.0000000000
101024  14.243  -92.643  13.588 0.0000000000
6794  14.225  -93.222  13.057 0.0000000000
101026  13.763  -92.590  13.570 0.0000000000
15164  14.296  -92.087  14.126 0.0000000000
101266  14.628  -92.320  14.025 0.0000000000
68935  14.673  -92.867  13.437 0.0000000000
96716  6.385  -93.902  12.080 0.0000000000
61352  6.825  -93.942  11.410 0.0000000000
43490  6.239  -93.858  12.706 0.0000000000
96715  6.703  -94.427  12.376 0.0000000000
12769  6.599  -94.321  12.993 0.0000000000
96713  7.047  -95.008  12.661 0.0000000000
5089  7.639  -95.578  12.369 0.0000000000
96712  6.971  -94.719  13.327 0.0000000000
61345  7.388  -95.462  12.970 0.0000000000
43488  6.675  -94.029  13.611 0.0000000000
96711  7.135  -94.362  13.856 0.0000000000
86202  5.986  -91.873  9.458 0.0000000000
86197  5.413  -91.691  12.528 0.0000000000
86139  10.007  -95.850  9.744 0.0000000000
86138  9.980  -96.622  9.783 0.0000000000
86117  9.353  -97.338  13.156 0.0000000000
86116  9.530  -96.853  13.488 0.0000000000
86109  12.335  -96.296  12.512 0.0000000000
86108  12.929  -96.291  12.181 0.0000000000
68937  14.738  -93.378  12.926 0.0000000000
15298  14.989  -92.579  13.977 0.0000000000
68936  15.136  -93.039  13.405 0.0000000000
68554  8.056  -91.934  14.306 0.0000000000
68556  7.644  -91.724  14.303 0.0000000000
68549  9.935  -92.846  14.100 0.0000000000
68551  9.444  -92.611  14.199 0.0000000000
6796  12.118  -92.885  13.573 0.0000000000
68539  12.086  -93.610  13.523 0.0000000000
68537  12.646  -93.028  13.462 0.0000000000
68534  14.154  -93.802  12.627 0.0000000000
68938  14.749  -93.963  12.437 0.0000000000
61354  7.371  -93.924  10.792 0.0000000000
61349  8.261  -96.134  12.013 0.0000000000
61347  7.934  -96.056  12.651 0.0000000000
51754  9.429  -93.382  8.988 0.0000000000
21034  10.226  -93.777  9.137 0.0000000000
51753  9.691  -93.883  9.293 0.0000000000
111589  10.393  -94.336  9.286 0.0000000000
51743  10.722  -95.969  13.519 0.0000000000
21024  10.322  -96.566  13.524 0.0000000000
111571  10.844  -96.714  13.257 0.0000000000
43617  15.650  -95.926  12.180 0.0000000000
12895  15.785  -94.978  12.473 0.0000000000
43616  16.168  -95.699  12.587 0.0000000000
43489  6.260  -93.699  13.316 0.0000000000
43484  15.172  -96.256  11.897 0.0000000000
43485  14.815  -96.827  11.819 0.0000000000
12766  14.002  -96.832  11.769 0.0000000000
96707  14.360  -97.378  11.724 0.0000000000
12764  15.574  -96.838  12.087 0.0000000000
96706  15.183  -97.390  11.944 0.0000000000
43618  16.000  -96.535  12.393 0.0000000000
86206  5.265  -89.240  8.726 0.0000000000
111572  10.500  -97.220  13.245 0.0000000000
156589  9.962  -97.097  13.393 0.0000000000
96939  16.296  -94.774  12.984 0.0000000000
96941  16.654  -95.486  13.095 0.0000000000
135705  15.468  -94.264  12.504 0.0000000000
96708  13.640  -97.415  11.799 0.0000000000
156580  13.248  -96.857  11.956 0.0000000000
96942  16.918  -96.150  13.308 0.0000000000
12897  16.473  -96.305  12.780 0.0000000000
96945  16.689  -96.884  12.997 0.0000000000
135703  15.664  -93.369  13.342 0.0000000000
31402  15.301  -93.604  12.872 0.0000000000
135702  15.428  -92.874  13.942 0.0000000000
38541  12.625  -96.881  12.281 0.0000000000
156582  12.037  -96.843  12.648 0.0000000000
38544  9.768  -97.541  13.190 0.0000000000
156591  9.641  -97.934  12.790 0.0000000000
156616  10.275  -97.352  9.298 0.0000000000
38553  10.357  -96.581  9.345 0.0000000000
156618  10.441  -95.775  9.365 0.0000000000
156581  12.969  -97.445  12.032 0.0000000000
5215  16.678  -94.607  13.540 0.0000000000
96940  17.065  -95.328  13.669 0.0000000000
135704  15.949  -94.025  13.021 0.0000000000
126356  17.715  -95.816  14.386 0.0000000000
12896  17.356  -95.998  13.868 0.0000000000
61727  17.392  -95.158  14.249 0.0000000000
96943  17.116  -96.716  13.490 0.0000000000
61728  17.562  -96.606  14.041 0.0000000000
5217  17.807  -97.183  14.097 0.0000000000
96944  17.374  -97.297  13.568 0.0000000000
61734  18.180  -97.648  13.979 0.0000000000
21023  11.438  -96.770  13.008 0.0000000000
86110  11.088  -97.294  13.011 0.0000000000
9435  10.797  -97.799  12.978 0.0000000000
156590  10.253  -97.699  13.125 0.0000000000
21026  9.581  -98.262  12.248 0.0000000000
21033  10.539  -95.039  9.360 0.0000000000
27821  18.017  -95.604  14.925 0.0000000000
61729  17.946  -96.437  14.556 0.0000000000
126357  18.292  -96.216  15.017 0.0000000000
27822  18.640  -96.810  15.043 0.0000000000
126358  18.948  -96.506  15.474 0.0000000000
126355  18.547  -95.974  15.519 0.0000000000
126359  19.456  -96.869  15.220 0.0000000000
5216  19.293  -96.184  15.871 0.0000000000
112262  19.790  -96.510  15.634 0.0000000000
21408  20.230  -96.677  15.056 0.0000000000
61731  19.105  -97.260  14.877 0.0000000000
126360  19.958  -97.137  14.790 0.0000000000
27823  19.548  -97.493  14.435 0.0000000000
101264  15.097  -92.475  14.572 0.0000000000
68934  15.556  -92.820  14.467 0.0000000000
31401  15.957  -93.277  13.982 0.0000000000
135701  16.296  -93.909  13.631 0.0000000000
156583  12.319  -97.425  12.363 0.0000000000
86111  11.700  -97.350  12.727 0.0000000000
156592  10.068  -98.148  12.884 0.0000000000
156593  10.604  -98.261  12.843 0.0000000000
86119  9.988  -98.491  12.394 0.0000000000
38545  10.483  -98.704  12.495 0.0000000000
156594  11.036  -98.855  12.437 0.0000000000
86114  11.205  -98.356  12.610 0.0000000000
135700  16.572  -93.804  14.239 0.0000000000
61725  16.989  -94.467  14.155 0.0000000000
68933  16.120  -93.268  14.524 0.0000000000
135699  16.778  -93.786  14.766 0.0000000000
27819  17.282  -94.368  14.662 0.0000000000
31400  16.280  -93.265  15.001 0.0000000000
135698  16.921  -93.749  15.241 0.0000000000
126351  17.404  -94.278  15.237 0.0000000000
135697  16.414  -93.324  15.547 0.0000000000
135689  17.137  -93.726  15.911 0.0000000000
1258  17.557  -94.164  15.782 0.0000000000
68931  15.791  -92.938  15.461 0.0000000000
135696  15.919  -92.975  15.968 0.0000000000
31397  16.624  -93.278  16.104 0.0000000000
31399  15.401  -92.698  16.053 0.0000000000
135695  15.497  -92.724  16.539 0.0000000000
68924  16.182  -92.885  16.527 0.0000000000
135688  17.444  -93.665  16.521 0.0000000000
52125  17.848  -94.119  16.459 0.0000000000
68923  16.941  -93.181  16.706 0.0000000000
135687  17.711  -93.480  17.096 0.0000000000
21405  18.151  -93.971  17.071 0.0000000000
31396  17.276  -93.000  17.192 0.0000000000
135686  18.030  -93.136  17.627 0.0000000000
112257  18.428  -93.651  17.608 0.0000000000
126354  18.224  -95.406  15.427 0.0000000000
87263  18.804  -95.741  15.994 0.0000000000
61726  17.648  -94.978  14.781 0.0000000000
126353  17.829  -94.858  15.299 0.0000000000
27820  18.384  -95.254  15.947 0.0000000000
126352  17.993  -94.728  15.864 0.0000000000
157964  18.620  -95.102  16.514 0.0000000000
52127  18.201  -94.631  16.474 0.0000000000
112264  20.504  -96.279  15.408 0.0000000000
112263  20.069  -96.168  15.911 0.0000000000
112259  18.777  -94.132  17.596 0.0000000000
6872  18.719  -93.226  18.095 0.0000000000
112258  19.097  -93.734  18.110 0.0000000000
87265  19.574  -95.944  16.327 0.0000000000
87264  19.054  -95.541  16.511 0.0000000000
86112  11.403  -97.852  12.706 0.0000000000
6874  15.202  -92.465  15.082 0.0000000000
68932  15.688  -92.839  14.977 0.0000000000
68930  15.299  -92.601  15.588 0.0000000000
6873  15.788  -92.560  17.041 0.0000000000
68922  16.519  -92.684  17.018 0.0000000000
61732  18.685  -97.471  14.440 0.0000000000
61733  19.108  -97.787  14.103 0.0000000000
61730  18.265  -97.021  14.605 0.0000000000
52126  18.508  -94.441  17.061 0.0000000000
21407  18.876  -94.869  17.053 0.0000000000
112260  19.169  -94.565  17.554 0.0000000000
52129  20.876  -96.346  14.628 0.0000000000
112261  19.724  -94.964  17.383 0.0000000000
157965  19.327  -95.298  17.023 0.0000000000
112265  21.181  -95.916  14.977 0.0000000000
21410  21.426  -95.908  14.134 0.0000000000
39002  19.825  -95.659  16.737 0.0000000000
157967  20.351  -95.902  16.308 0.0000000000
157958  19.922  -93.726  18.401 0.0000000000
21406  19.528  -94.167  17.977 0.0000000000
87257  19.480  -93.265  18.444 0.0000000000
87258  20.062  -94.585  17.808 0.0000000000
9587  20.642  -94.895  17.494 0.0000000000
157966  20.205  -95.357  17.122 0.0000000000
21409  20.819  -95.934  15.703 0.0000000000
112266  21.771  -95.401  14.562 0.0000000000
87266  21.521  -95.529  15.389 0.0000000000
9588  22.150  -95.025  15.135 0.0000000000
38999  20.313  -93.162  18.640 0.0000000000
87259  20.395  -94.048  18.201 0.0000000000
157959  20.794  -93.503  18.539 0.0000000000
39000  21.313  -93.823  18.378 0.0000000000
157960  21.694  -93.295  18.827 0.0000000000
157957  21.169  -92.944  18.805 0.0000000000
157961  22.244  -93.656  18.622 0.0000000000
5214  22.059  -92.737  19.080 0.0000000000
61724  22.565  -93.155  18.977 0.0000000000
27818  23.057  -93.533  18.699 0.0000000000
87261  21.850  -94.155  18.079 0.0000000000
157962  22.684  -93.996  18.213 0.0000000000
39001  22.290  -94.471  17.646 0.0000000000
157963  23.107  -94.283  17.795 0.0000000000
126350  23.455  -93.786  18.278 0.0000000000
2342  23.785  -94.029  17.783 0.0000000000
157971  22.659  -94.575  17.152 0.0000000000
157972  23.350  -94.335  17.180 0.0000000000
157968  20.656  -95.558  16.692 0.0000000000
157969  21.062  -95.127  17.087 0.0000000000
87267  21.154  -95.596  16.101 0.0000000000
39003  21.478  -95.248  16.593 0.0000000000
157970  21.880  -94.832  17.089 0.0000000000
87262  21.487  -94.671  17.545 0.0000000000
87269  22.257  -94.869  16.525 0.0000000000
39004  22.961  -94.600  16.570 0.0000000000
157973  23.548  -94.345  16.516 0.0000000000
52124  23.988  -94.041  17.117 0.0000000000
21404  24.168  -93.997  16.416 0.0000000000
126349  23.812  -93.233  18.722 0.0000000000
52120  24.149  -93.481  18.248 0.0000000000
61723  23.368  -92.926  19.000 0.0000000000
126348  24.081  -92.536  18.951 0.0000000000
21400  24.467  -92.850  18.615 0.0000000000
87268  21.873  -95.141  15.904 0.0000000000
87270  22.538  -94.797  15.826 0.0000000000
87260  20.954  -94.356  17.903 0.0000000000
52122  24.438  -93.686  17.686 0.0000000000
52123  24.606  -93.661  16.989 0.0000000000
112255  24.682  -93.611  16.307 0.0000000000
21402  25.009  -93.248  17.519 0.0000000000
112254  25.103  -93.225  16.857 0.0000000000
52121  24.770  -93.085  18.106 0.0000000000
112251  25.324  -92.596  17.844 0.0000000000
112250  25.057  -92.389  18.388 0.0000000000
112252  25.494  -92.767  17.314 0.0000000000
112248  24.722  -92.111  18.791 0.0000000000
112249  25.273  -91.612  18.651 0.0000000000
21401  25.535  -91.904  18.127 0.0000000000
87243  25.733  -92.125  17.630 0.0000000000
9585  25.960  -92.245  17.133 0.0000000000
112253  25.552  -92.752  16.708 0.0000000000
157949  25.637  -92.715  16.063 0.0000000000
21403  25.143  -93.180  16.205 0.0000000000
87249  26.083  -92.227  16.530 0.0000000000
