#!ascii label  , from subject  vox2ras=TkReg
1410
127889  4.694  -75.003  3.975 0.0000000000
28479  4.721  -74.155  4.344 0.0000000000
127888  5.027  -74.629  4.519 0.0000000000
90549  5.021  -75.463  4.085 0.0000000000
5582  4.662  -75.785  3.467 0.0000000000
127891  4.491  -74.475  3.721 0.0000000000
127892  4.438  -75.285  3.231 0.0000000000
28480  4.400  -74.803  2.965 0.0000000000
62825  4.530  -73.974  3.497 0.0000000000
127890  4.557  -73.637  4.179 0.0000000000
127893  4.386  -75.610  2.413 0.0000000000
114234  4.438  -76.104  2.744 0.0000000000
22504  4.347  -76.336  2.036 0.0000000000
62827  4.439  -75.147  2.145 0.0000000000
127894  4.381  -75.874  1.695 0.0000000000
28481  4.528  -75.467  1.352 0.0000000000
127895  4.467  -76.186  0.890 0.0000000000
53224  4.347  -76.606  1.213 0.0000000000
161933  4.815  -75.900  0.615 0.0000000000
40326  5.240  -76.351  -0.151 0.0000000000
90570  5.329  -75.689  0.528 0.0000000000
161932  4.936  -75.203  1.203 0.0000000000
40325  5.550  -74.980  1.185 0.0000000000
161931  5.082  -74.433  1.792 0.0000000000
62828  4.629  -74.725  1.906 0.0000000000
161930  5.648  -74.201  1.720 0.0000000000
161928  5.214  -73.709  2.317 0.0000000000
5583  4.753  -73.936  2.483 0.0000000000
90568  6.212  -74.762  1.194 0.0000000000
161929  6.327  -74.035  1.616 0.0000000000
40324  5.773  -73.454  2.157 0.0000000000
22510  6.945  -74.589  1.160 0.0000000000
114244  7.011  -73.792  1.540 0.0000000000
90566  6.380  -73.148  2.034 0.0000000000
161927  5.313  -72.862  2.675 0.0000000000
97601  4.862  -73.191  2.919 0.0000000000
90565  5.813  -72.534  2.384 0.0000000000
161926  5.387  -71.964  2.829 0.0000000000
13263  4.986  -72.315  3.203 0.0000000000
31910  5.868  -71.691  2.371 0.0000000000
137078  5.420  -71.165  2.869 0.0000000000
43983  5.039  -71.477  3.398 0.0000000000
137077  5.561  -70.357  2.945 0.0000000000
438  5.095  -70.598  3.481 0.0000000000
137079  5.961  -70.940  2.368 0.0000000000
31909  6.049  -70.217  2.437 0.0000000000
148572  5.197  -69.906  3.556 0.0000000000
148573  5.599  -69.734  3.031 0.0000000000
13262  4.583  -73.186  3.911 0.0000000000
97598  4.635  -72.811  4.533 0.0000000000
62823  4.760  -73.335  4.800 0.0000000000
62822  5.031  -73.809  4.900 0.0000000000
127887  5.450  -74.196  5.011 0.0000000000
28478  5.442  -75.119  4.596 0.0000000000
28477  5.419  -73.478  5.314 0.0000000000
127885  6.014  -73.875  5.310 0.0000000000
127886  6.008  -74.726  4.937 0.0000000000
161908  6.061  -75.549  4.512 0.0000000000
1980  6.620  -74.319  5.153 0.0000000000
53223  6.661  -75.132  4.784 0.0000000000
148536  6.632  -73.601  5.469 0.0000000000
148537  6.020  -73.142  5.580 0.0000000000
114243  7.748  -73.519  1.356 0.0000000000
7094  7.061  -72.920  1.774 0.0000000000
114245  7.645  -74.371  1.050 0.0000000000
22509  8.363  -74.082  0.840 0.0000000000
137084  7.685  -72.681  1.469 0.0000000000
137085  8.360  -73.250  1.000 0.0000000000
114235  4.738  -76.578  3.033 0.0000000000
97600  4.718  -72.719  3.566 0.0000000000
62824  4.635  -73.571  3.225 0.0000000000
43982  4.776  -71.831  3.859 0.0000000000
97599  4.666  -72.305  4.206 0.0000000000
13261  4.722  -71.394  4.451 0.0000000000
97597  4.733  -71.923  4.806 0.0000000000
5581  4.851  -72.462  5.079 0.0000000000
148542  4.935  -71.643  5.332 0.0000000000
148543  4.771  -71.118  5.000 0.0000000000
90569  6.089  -75.508  0.596 0.0000000000
90571  5.903  -76.188  -0.159 0.0000000000
10030  6.710  -76.089  0.025 0.0000000000
90567  6.848  -75.367  0.653 0.0000000000
114246  7.582  -75.159  0.649 0.0000000000
114247  7.446  -75.940  0.084 0.0000000000
90564  6.393  -72.297  2.075 0.0000000000
137080  6.446  -71.497  1.993 0.0000000000
137081  7.069  -72.126  1.735 0.0000000000
90551  5.082  -76.250  3.635 0.0000000000
90550  5.510  -75.883  4.145 0.0000000000
62826  4.537  -74.332  2.730 0.0000000000
62821  5.101  -72.958  5.258 0.0000000000
148538  5.547  -72.659  5.632 0.0000000000
148539  5.180  -72.178  5.509 0.0000000000
53221  7.317  -74.684  4.954 0.0000000000
53222  7.419  -75.516  4.506 0.0000000000
22503  6.771  -75.958  4.304 0.0000000000
114232  7.622  -76.280  4.054 0.0000000000
22501  8.118  -75.050  4.638 0.0000000000
114231  8.387  -75.872  4.227 0.0000000000
148526  8.059  -74.347  4.989 0.0000000000
148527  7.281  -73.999  5.258 0.0000000000
43981  4.797  -70.917  3.985 0.0000000000
148544  4.753  -70.610  4.583 0.0000000000
148545  4.856  -70.187  4.113 0.0000000000
70022  6.514  -70.713  1.927 0.0000000000
70021  6.563  -70.051  1.995 0.0000000000
148574  6.141  -69.638  2.578 0.0000000000
53230  8.294  -74.916  0.543 0.0000000000
53229  8.912  -74.601  0.374 0.0000000000
137086  8.942  -73.782  0.491 0.0000000000
114233  6.934  -76.723  3.848 0.0000000000
161909  6.163  -76.351  4.056 0.0000000000
114229  9.137  -75.407  4.351 0.0000000000
148525  8.968  -74.737  4.711 0.0000000000
53231  8.851  -75.419  -0.046 0.0000000000
1382  9.631  -75.096  -0.221 0.0000000000
137087  9.572  -74.310  0.036 0.0000000000
22511  8.188  -75.725  0.079 0.0000000000
127897  9.589  -75.833  -0.672 0.0000000000
161935  8.766  -76.164  -0.583 0.0000000000
70023  7.049  -70.563  1.467 0.0000000000
7093  7.018  -69.896  1.490 0.0000000000
148575  6.642  -69.504  2.110 0.0000000000
31911  7.072  -71.310  1.590 0.0000000000
101918  7.506  -70.406  0.941 0.0000000000
137082  7.607  -71.131  1.114 0.0000000000
40318  5.594  -76.720  3.665 0.0000000000
161911  5.117  -77.042  3.138 0.0000000000
15662  8.028  -70.955  0.594 0.0000000000
101917  7.442  -69.783  0.997 0.0000000000
101919  7.881  -70.345  0.360 0.0000000000
8526  10.131  -75.760  4.042 0.0000000000
114230  9.397  -76.184  3.937 0.0000000000
148524  9.976  -75.119  4.423 0.0000000000
161902  9.794  -76.944  3.529 0.0000000000
22502  8.643  -76.580  3.824 0.0000000000
90543  10.497  -76.564  3.670 0.0000000000
90544  7.821  -77.058  3.580 0.0000000000
10027  7.052  -77.529  3.321 0.0000000000
161910  6.224  -77.168  3.539 0.0000000000
161936  8.017  -76.477  -0.501 0.0000000000
28483  9.506  -76.571  -1.244 0.0000000000
127896  10.424  -75.519  -0.841 0.0000000000
127898  10.355  -76.196  -1.304 0.0000000000
28482  11.131  -75.830  -1.463 0.0000000000
62830  11.031  -76.471  -1.878 0.0000000000
127899  10.208  -76.890  -1.783 0.0000000000
28484  10.985  -77.230  -2.274 0.0000000000
127900  10.016  -77.536  -2.272 0.0000000000
90572  9.307  -77.164  -1.729 0.0000000000
127902  10.736  -77.964  -2.768 0.0000000000
62833  11.444  -78.262  -3.391 0.0000000000
127901  11.644  -77.475  -2.864 0.0000000000
137083  7.690  -71.950  1.310 0.0000000000
70025  8.200  -71.745  0.803 0.0000000000
31912  8.285  -72.468  0.977 0.0000000000
70027  8.909  -72.953  0.547 0.0000000000
31913  9.545  -73.478  0.100 0.0000000000
137095  10.178  -74.007  -0.323 0.0000000000
137096  10.347  -74.781  -0.431 0.0000000000
31916  10.990  -74.392  -0.834 0.0000000000
70035  10.796  -73.612  -0.737 0.0000000000
137094  10.068  -73.151  -0.335 0.0000000000
137097  11.124  -75.127  -1.075 0.0000000000
70037  11.758  -74.697  -1.423 0.0000000000
137098  11.897  -75.373  -1.676 0.0000000000
31917  12.499  -74.885  -2.034 0.0000000000
137099  12.514  -75.560  -2.302 0.0000000000
62829  11.833  -76.061  -2.058 0.0000000000
5584  12.453  -76.200  -2.739 0.0000000000
137101  13.108  -75.004  -2.649 0.0000000000
137102  12.996  -75.645  -2.997 0.0000000000
31918  13.465  -75.076  -3.361 0.0000000000
70040  13.466  -74.409  -3.049 0.0000000000
137100  13.015  -74.311  -2.424 0.0000000000
137103  13.408  -75.737  -3.766 0.0000000000
97602  12.960  -76.374  -3.459 0.0000000000
13264  13.361  -76.433  -4.134 0.0000000000
70042  13.825  -75.140  -4.014 0.0000000000
137104  13.735  -75.786  -4.415 0.0000000000
31919  14.077  -75.174  -4.628 0.0000000000
137105  13.998  -75.810  -5.044 0.0000000000
43984  13.628  -76.493  -4.856 0.0000000000
619  13.790  -76.508  -5.522 0.0000000000
162005  14.321  -75.177  -5.223 0.0000000000
162006  14.168  -75.800  -5.690 0.0000000000
35846  9.819  -74.486  4.726 0.0000000000
148523  10.767  -74.943  4.409 0.0000000000
148521  10.919  -75.529  4.117 0.0000000000
79409  8.892  -74.078  5.004 0.0000000000
35847  8.058  -73.685  5.335 0.0000000000
148535  7.322  -73.345  5.581 0.0000000000
35850  6.654  -72.907  5.738 0.0000000000
79417  7.314  -72.650  5.875 0.0000000000
148534  8.065  -73.011  5.649 0.0000000000
79419  6.072  -72.432  5.815 0.0000000000
35851  5.568  -71.943  5.840 0.0000000000
148541  5.213  -71.415  5.735 0.0000000000
35852  4.917  -70.869  5.544 0.0000000000
79422  5.229  -70.668  5.983 0.0000000000
148540  5.609  -71.207  6.084 0.0000000000
79424  4.797  -70.352  5.217 0.0000000000
35853  4.802  -69.879  4.782 0.0000000000
148571  4.954  -69.465  4.203 0.0000000000
35862  5.288  -69.242  3.650 0.0000000000
79447  5.087  -68.777  4.316 0.0000000000
148570  4.868  -69.150  4.848 0.0000000000
79449  5.759  -69.095  3.157 0.0000000000
35863  6.280  -69.050  2.731 0.0000000000
148577  6.818  -68.961  2.305 0.0000000000
148578  7.135  -69.406  1.679 0.0000000000
40315  11.033  -77.261  3.375 0.0000000000
90545  9.002  -77.377  3.334 0.0000000000
161903  10.272  -77.658  3.193 0.0000000000
40316  9.412  -78.082  2.974 0.0000000000
161904  10.671  -78.364  2.874 0.0000000000
161901  11.513  -77.943  3.115 0.0000000000
161905  9.827  -78.856  2.644 0.0000000000
2740  11.882  -78.585  2.838 0.0000000000
54300  11.147  -79.057  2.597 0.0000000000
23364  10.262  -79.598  2.331 0.0000000000
90547  8.458  -78.602  2.719 0.0000000000
161906  8.808  -79.392  2.408 0.0000000000
40317  7.621  -79.121  2.507 0.0000000000
161907  8.013  -79.870  2.181 0.0000000000
115956  9.252  -80.068  2.105 0.0000000000
161912  5.630  -77.564  3.180 0.0000000000
161913  6.346  -77.993  3.017 0.0000000000
90548  7.312  -78.330  2.864 0.0000000000
90573  8.624  -76.830  -1.193 0.0000000000
40350  14.546  -75.131  -5.793 0.0000000000
90630  14.769  -74.528  -5.403 0.0000000000
162004  14.502  -74.491  -4.838 0.0000000000
162032  14.348  -75.795  -6.261 0.0000000000
162033  14.019  -76.454  -6.092 0.0000000000
40359  14.247  -76.437  -6.571 0.0000000000
90653  14.659  -75.697  -6.779 0.0000000000
162031  14.797  -75.134  -6.362 0.0000000000
162034  13.973  -77.193  -6.290 0.0000000000
43988  13.748  -77.161  -5.856 0.0000000000
13268  13.750  -77.870  -6.112 0.0000000000
90655  14.247  -77.092  -6.788 0.0000000000
162035  13.986  -77.873  -6.519 0.0000000000
40360  14.236  -77.727  -6.947 0.0000000000
162036  13.994  -78.535  -6.777 0.0000000000
97610  13.693  -78.644  -6.263 0.0000000000
162038  14.200  -78.287  -7.389 0.0000000000
90658  14.319  -77.950  -8.057 0.0000000000
162037  14.501  -77.470  -7.556 0.0000000000
22540  14.785  -77.197  -8.208 0.0000000000
114298  14.935  -76.737  -7.778 0.0000000000
90656  14.567  -76.914  -7.247 0.0000000000
40358  15.207  -75.091  -6.857 0.0000000000
162030  15.415  -74.452  -6.451 0.0000000000
90631  15.080  -74.501  -5.942 0.0000000000
162029  16.005  -74.426  -6.879 0.0000000000
162027  16.197  -73.745  -6.456 0.0000000000
10038  15.697  -73.760  -6.023 0.0000000000
90651  15.907  -75.028  -7.212 0.0000000000
162028  16.695  -74.442  -7.138 0.0000000000
40357  16.784  -73.803  -6.755 0.0000000000
22538  16.579  -75.041  -7.472 0.0000000000
114294  17.316  -74.534  -7.257 0.0000000000
90649  17.445  -73.871  -6.898 0.0000000000
162026  16.889  -73.038  -6.488 0.0000000000
114283  16.303  -73.018  -6.169 0.0000000000
90648  17.484  -73.126  -6.634 0.0000000000
162025  17.620  -72.242  -6.511 0.0000000000
22531  16.932  -72.149  -6.361 0.0000000000
40356  18.203  -72.295  -6.423 0.0000000000
162024  18.222  -71.318  -6.505 0.0000000000
53251  17.599  -71.287  -6.577 0.0000000000
162023  18.670  -71.427  -6.210 0.0000000000
162015  18.696  -70.441  -6.423 0.0000000000
2494  18.211  -70.354  -6.744 0.0000000000
90646  18.640  -72.500  -6.203 0.0000000000
162022  19.092  -71.611  -5.932 0.0000000000
40353  19.099  -70.544  -6.036 0.0000000000
40355  19.056  -72.626  -5.969 0.0000000000
162021  19.483  -71.752  -5.626 0.0000000000
90639  19.525  -70.713  -5.766 0.0000000000
162020  19.459  -72.798  -5.773 0.0000000000
162018  19.933  -72.038  -5.371 0.0000000000
10039  20.001  -70.917  -5.432 0.0000000000
90644  19.014  -73.477  -6.340 0.0000000000
162019  19.545  -73.566  -6.256 0.0000000000
40354  19.981  -72.958  -5.692 0.0000000000
22536  19.072  -74.143  -6.916 0.0000000000
114290  19.671  -74.089  -6.994 0.0000000000
90642  20.121  -73.623  -6.344 0.0000000000
162017  20.454  -72.239  -5.267 0.0000000000
114288  20.464  -71.213  -5.125 0.0000000000
162014  19.120  -69.638  -6.351 0.0000000000
127927  18.654  -69.540  -6.786 0.0000000000
40349  14.895  -73.774  -5.042 0.0000000000
162003  14.466  -73.760  -4.518 0.0000000000
70043  14.154  -74.492  -4.286 0.0000000000
162002  14.836  -73.031  -4.807 0.0000000000
162000  14.335  -72.996  -4.336 0.0000000000
7097  14.093  -73.777  -3.975 0.0000000000
90628  15.330  -73.026  -5.296 0.0000000000
162001  15.091  -72.215  -5.255 0.0000000000
40348  14.508  -72.169  -4.819 0.0000000000
22530  15.620  -72.242  -5.672 0.0000000000
114280  15.340  -71.367  -5.883 0.0000000000
90626  14.669  -71.472  -5.498 0.0000000000
161999  13.956  -72.321  -4.380 0.0000000000
101930  13.910  -73.071  -3.799 0.0000000000
90625  14.039  -71.614  -5.072 0.0000000000
161998  13.493  -71.801  -4.646 0.0000000000
15668  13.506  -72.484  -3.914 0.0000000000
161900  12.238  -77.527  3.364 0.0000000000
92484  12.648  -78.172  3.131 0.0000000000
90542  11.727  -76.900  3.611 0.0000000000
161899  12.859  -77.256  3.757 0.0000000000
10420  13.333  -77.829  3.622 0.0000000000
35844  12.413  -76.632  3.987 0.0000000000
148518  13.438  -77.013  4.229 0.0000000000
41140  13.884  -77.585  4.160 0.0000000000
35861  4.979  -68.495  5.020 0.0000000000
148569  4.890  -68.899  5.498 0.0000000000
79425  4.832  -69.623  5.398 0.0000000000
148568  5.043  -68.198  5.631 0.0000000000
148566  5.054  -68.640  6.090 0.0000000000
8529  4.942  -69.413  5.954 0.0000000000
79445  5.215  -67.858  5.075 0.0000000000
148567  5.318  -67.549  5.619 0.0000000000
35860  5.254  -67.928  6.142 0.0000000000
148565  5.523  -68.443  6.510 0.0000000000
107559  5.314  -69.197  6.365 0.0000000000
18794  5.624  -70.476  6.326 0.0000000000
107556  6.103  -71.013  6.344 0.0000000000
79420  6.072  -71.709  6.094 0.0000000000
35849  8.107  -72.346  5.923 0.0000000000
148533  8.865  -72.794  5.690 0.0000000000
79410  8.844  -73.446  5.358 0.0000000000
148532  8.970  -72.178  5.968 0.0000000000
148530  9.716  -72.601  5.724 0.0000000000
8527  9.688  -73.241  5.383 0.0000000000
79415  8.245  -71.714  6.184 0.0000000000
148531  9.148  -71.535  6.205 0.0000000000
35848  9.881  -72.011  5.982 0.0000000000
148529  10.664  -72.403  5.691 0.0000000000
107550  10.584  -73.033  5.407 0.0000000000
79407  10.567  -74.285  4.706 0.0000000000
148522  11.529  -74.776  4.572 0.0000000000
35845  11.699  -75.401  4.345 0.0000000000
18789  11.392  -74.121  4.860 0.0000000000
107547  12.281  -74.644  4.797 0.0000000000
79405  12.431  -75.289  4.587 0.0000000000
148520  11.987  -76.020  4.165 0.0000000000
90541  11.230  -76.200  3.876 0.0000000000
79404  12.647  -75.908  4.490 0.0000000000
148519  13.097  -76.477  4.375 0.0000000000
35843  13.586  -76.344  4.772 0.0000000000
148517  13.939  -76.864  4.758 0.0000000000
31  14.291  -77.355  4.786 0.0000000000
157037  14.661  -77.141  5.372 0.0000000000
157038  14.368  -76.659  5.302 0.0000000000
15667  13.301  -73.776  -2.857 0.0000000000
101927  12.727  -73.700  -2.324 0.0000000000
70038  12.279  -74.235  -1.812 0.0000000000
31915  10.546  -72.802  -0.859 0.0000000000
137093  9.820  -72.363  -0.471 0.0000000000
70028  9.367  -72.645  0.056 0.0000000000
137092  10.246  -72.055  -1.095 0.0000000000
137090  9.563  -71.728  -0.666 0.0000000000
7095  9.189  -71.943  -0.082 0.0000000000
70033  10.940  -72.447  -1.501 0.0000000000
137091  10.517  -71.739  -1.798 0.0000000000
31914  9.901  -71.462  -1.385 0.0000000000
137089  9.283  -71.152  -1.033 0.0000000000
101921  8.943  -71.394  -0.380 0.0000000000
13265  12.266  -77.706  -3.553 0.0000000000
97603  12.365  -76.910  -3.085 0.0000000000
62831  11.751  -76.700  -2.460 0.0000000000
115955  10.498  -80.144  2.090 0.0000000000
54299  11.413  -79.617  2.375 0.0000000000
115954  11.667  -80.117  2.136 0.0000000000
13976  10.875  -80.555  1.800 0.0000000000
23363  12.499  -79.629  2.481 0.0000000000
115953  12.746  -80.114  2.291 0.0000000000
98884  11.890  -80.586  1.896 0.0000000000
115952  13.529  -79.678  2.731 0.0000000000
115950  13.858  -80.199  2.633 0.0000000000
2739  12.900  -80.629  2.124 0.0000000000
54297  13.288  -79.154  2.887 0.0000000000
115951  14.184  -79.276  3.350 0.0000000000
23362  14.459  -79.773  3.266 0.0000000000
10419  13.939  -78.796  3.472 0.0000000000
92481  14.711  -78.968  4.075 0.0000000000
54295  14.949  -79.422  3.989 0.0000000000
115949  14.654  -80.285  3.173 0.0000000000
64966  13.906  -80.678  2.488 0.0000000000
54294  15.198  -79.912  3.949 0.0000000000
115948  15.323  -80.422  3.853 0.0000000000
23361  14.745  -80.808  3.066 0.0000000000
23360  15.737  -80.113  4.782 0.0000000000
115946  15.848  -80.587  4.724 0.0000000000
115947  15.430  -80.967  3.812 0.0000000000
130675  14.843  -81.376  3.018 0.0000000000
818  16.018  -81.084  4.616 0.0000000000
44695  15.508  -81.499  3.771 0.0000000000
156785  16.189  -80.854  5.535 0.0000000000
156786  16.063  -80.381  5.592 0.0000000000
114297  15.699  -76.117  -7.919 0.0000000000
10041  15.061  -76.207  -7.455 0.0000000000
114299  15.499  -76.590  -8.305 0.0000000000
22539  16.343  -76.075  -8.368 0.0000000000
114296  16.524  -75.587  -7.907 0.0000000000
90650  15.797  -75.583  -7.577 0.0000000000
53258  17.219  -75.610  -8.254 0.0000000000
114295  17.285  -75.109  -7.720 0.0000000000
22537  17.977  -75.115  -8.005 0.0000000000
114293  17.948  -74.635  -7.418 0.0000000000
10040  17.987  -73.993  -6.936 0.0000000000
114292  18.547  -74.671  -7.508 0.0000000000
90643  18.502  -74.099  -6.902 0.0000000000
53256  18.599  -75.068  -8.179 0.0000000000
114291  19.158  -74.607  -7.630 0.0000000000
22535  19.253  -74.825  -8.329 0.0000000000
114289  19.811  -74.344  -7.698 0.0000000000
5593  20.249  -73.863  -7.016 0.0000000000
127935  20.367  -74.035  -7.752 0.0000000000
127936  19.862  -74.398  -8.434 0.0000000000
114282  16.227  -72.158  -6.091 0.0000000000
90627  15.737  -73.006  -5.754 0.0000000000
53250  16.808  -71.285  -6.475 0.0000000000
114281  16.094  -71.303  -6.258 0.0000000000
22529  16.674  -70.407  -6.858 0.0000000000
114279  15.762  -70.545  -6.592 0.0000000000
18795  5.846  -69.020  6.686 0.0000000000
107558  5.688  -69.759  6.530 0.0000000000
79421  5.241  -69.948  6.223 0.0000000000
49514  6.264  -69.590  6.776 0.0000000000
107557  6.131  -70.280  6.574 0.0000000000
18793  6.941  -70.113  6.651 0.0000000000
107555  6.854  -70.797  6.480 0.0000000000
8528  6.743  -71.499  6.261 0.0000000000
107554  7.672  -70.609  6.541 0.0000000000
79414  7.550  -71.273  6.371 0.0000000000
18790  11.422  -72.858  5.460 0.0000000000
107549  11.387  -73.488  5.121 0.0000000000
79406  10.578  -73.668  5.078 0.0000000000
49509  12.205  -73.368  5.303 0.0000000000
107548  12.203  -73.994  5.029 0.0000000000
18788  13.028  -73.910  5.361 0.0000000000
107546  12.990  -74.558  5.026 0.0000000000
8525  13.113  -75.213  4.882 0.0000000000
157043  13.794  -75.045  5.383 0.0000000000
157044  13.794  -74.461  5.568 0.0000000000
101929  13.481  -73.126  -3.335 0.0000000000
70039  13.751  -73.793  -3.411 0.0000000000
46387  13.050  -72.521  -3.462 0.0000000000
101928  12.980  -73.080  -2.838 0.0000000000
15666  12.509  -72.506  -3.062 0.0000000000
101926  12.362  -73.034  -2.403 0.0000000000
7096  12.068  -73.507  -1.799 0.0000000000
101925  11.872  -72.341  -2.685 0.0000000000
70032  11.612  -72.831  -1.886 0.0000000000
46385  11.972  -71.886  -3.444 0.0000000000
101924  11.348  -71.645  -3.068 0.0000000000
15665  11.199  -72.045  -2.225 0.0000000000
15663  8.666  -70.787  -0.745 0.0000000000
101920  8.384  -70.898  -0.061 0.0000000000
70024  8.595  -71.535  0.242 0.0000000000
98886  11.022  -81.036  1.516 0.0000000000
98885  12.013  -81.096  1.671 0.0000000000
97609  13.372  -78.631  -5.882 0.0000000000
43987  13.378  -77.860  -5.610 0.0000000000
97608  12.961  -78.628  -5.400 0.0000000000
13266  13.098  -77.850  -5.056 0.0000000000
97606  12.597  -78.569  -4.859 0.0000000000
97605  12.746  -77.852  -4.294 0.0000000000
62832  12.043  -78.472  -4.076 0.0000000000
43985  13.247  -77.164  -4.607 0.0000000000
97604  12.896  -77.098  -3.855 0.0000000000
92483  13.620  -78.310  3.491 0.0000000000
54296  13.002  -78.662  3.015 0.0000000000
41139  14.187  -78.020  4.101 0.0000000000
92482  14.450  -78.477  4.074 0.0000000000
10418  14.811  -78.224  4.792 0.0000000000
92480  15.049  -78.690  4.846 0.0000000000
2738  15.270  -79.173  4.865 0.0000000000
156791  15.512  -79.022  5.612 0.0000000000
156792  15.341  -78.552  5.518 0.0000000000
90657  14.645  -77.558  -8.727 0.0000000000
114300  15.381  -76.939  -8.844 0.0000000000
114301  15.152  -77.184  -9.333 0.0000000000
90654  14.572  -76.374  -7.048 0.0000000000
90652  15.139  -75.643  -7.231 0.0000000000
90647  18.052  -73.247  -6.586 0.0000000000
90645  18.555  -73.349  -6.464 0.0000000000
90640  20.707  -73.411  -6.355 0.0000000000
90641  20.584  -73.005  -5.772 0.0000000000
28497  21.149  -72.826  -5.773 0.0000000000
127931  21.265  -73.097  -6.418 0.0000000000
127932  20.845  -73.564  -7.083 0.0000000000
90637  20.025  -69.907  -5.609 0.0000000000
90638  19.534  -69.765  -5.951 0.0000000000
40352  20.074  -68.932  -5.808 0.0000000000
162013  19.604  -68.752  -6.206 0.0000000000
90635  20.526  -70.127  -5.254 0.0000000000
90636  20.557  -69.098  -5.440 0.0000000000
90629  15.269  -73.808  -5.528 0.0000000000
90546  8.097  -77.823  3.104 0.0000000000
79448  5.465  -68.596  3.778 0.0000000000
79450  5.926  -68.491  3.324 0.0000000000
8532  5.634  -68.031  3.936 0.0000000000
79446  5.234  -68.203  4.432 0.0000000000
79444  5.446  -67.612  4.558 0.0000000000
18802  5.509  -67.232  5.093 0.0000000000
107572  5.725  -66.948  4.614 0.0000000000
107573  5.840  -67.402  4.044 0.0000000000
79423  4.936  -70.141  5.822 0.0000000000
79418  6.663  -72.207  6.003 0.0000000000
79416  7.373  -71.973  6.130 0.0000000000
18792  8.447  -71.033  6.440 0.0000000000
79408  9.705  -73.866  5.018 0.0000000000
79403  13.299  -75.803  4.821 0.0000000000
157039  14.111  -76.199  5.304 0.0000000000
157040  13.896  -75.630  5.309 0.0000000000
70041  13.816  -74.454  -3.703 0.0000000000
70036  11.560  -73.973  -1.261 0.0000000000
70034  11.279  -73.214  -1.292 0.0000000000
70026  8.751  -72.201  0.446 0.0000000000
64968  13.027  -81.147  1.925 0.0000000000
64967  14.030  -81.222  2.301 0.0000000000
54298  12.293  -79.083  2.698 0.0000000000
54293  15.497  -79.648  4.835 0.0000000000
156787  15.898  -79.911  5.619 0.0000000000
156788  15.662  -79.475  5.608 0.0000000000
53257  17.940  -75.529  -8.580 0.0000000000
53259  17.104  -75.956  -8.883 0.0000000000
2495  17.842  -75.741  -9.173 0.0000000000
53255  18.618  -75.294  -8.820 0.0000000000
127937  19.251  -74.904  -8.938 0.0000000000
127938  18.509  -75.389  -9.371 0.0000000000
53249  17.497  -70.354  -6.949 0.0000000000
46386  12.553  -72.030  -3.751 0.0000000000
46388  13.009  -71.965  -4.194 0.0000000000
44693  16.043  -81.612  4.604 0.0000000000
44694  15.559  -82.007  3.739 0.0000000000
13975  14.944  -81.889  2.912 0.0000000000
98882  15.052  -82.412  2.911 0.0000000000
13973  16.047  -82.150  4.634 0.0000000000
98881  15.632  -82.538  3.788 0.0000000000
156775  16.324  -81.857  5.490 0.0000000000
156776  16.274  -81.340  5.477 0.0000000000
43986  13.522  -77.151  -5.326 0.0000000000
41138  14.629  -77.805  4.822 0.0000000000
156793  15.163  -78.113  5.472 0.0000000000
156794  14.964  -77.683  5.457 0.0000000000
162011  20.660  -68.088  -5.641 0.0000000000
162012  20.150  -67.952  -6.122 0.0000000000
148576  6.430  -68.386  2.861 0.0000000000
53260  16.219  -76.408  -8.879 0.0000000000
98883  14.337  -82.319  2.097 0.0000000000
130676  14.209  -81.779  2.176 0.0000000000
98879  16.111  -82.678  4.680 0.0000000000
156774  16.352  -82.397  5.628 0.0000000000
107574  6.079  -67.873  3.437 0.0000000000
53261  16.992  -76.203  -9.346 0.0000000000
127939  17.673  -75.900  -9.658 0.0000000000
53247  18.099  -69.478  -7.177 0.0000000000
22541  16.021  -76.611  -9.369 0.0000000000
162043  16.725  -76.438  -9.815 0.0000000000
29551  13.216  -81.653  1.721 0.0000000000
130678  12.187  -81.579  1.393 0.0000000000
6080  16.221  -83.184  4.702 0.0000000000
98880  15.781  -83.068  3.777 0.0000000000
156773  16.427  -82.896  5.672 0.0000000000
130669  15.291  -83.479  2.921 0.0000000000
13974  15.194  -82.949  2.911 0.0000000000
64960  15.812  -83.596  3.790 0.0000000000
64961  14.459  -82.846  2.069 0.0000000000
6082  13.588  -82.740  1.398 0.0000000000
130677  13.439  -82.180  1.548 0.0000000000
162044  15.774  -76.942  -9.857 0.0000000000
162045  14.900  -77.506  -9.860 0.0000000000
28498  21.359  -73.221  -7.039 0.0000000000
127934  20.881  -73.678  -7.696 0.0000000000
28499  20.383  -74.053  -8.343 0.0000000000
62856  20.993  -73.708  -8.169 0.0000000000
127933  21.458  -73.308  -7.538 0.0000000000
62858  19.891  -74.493  -8.919 0.0000000000
28500  19.202  -74.990  -9.452 0.0000000000
127940  18.416  -75.551  -9.818 0.0000000000
28501  17.496  -76.123  -10.110 0.0000000000
62860  19.135  -75.212  -9.879 0.0000000000
127941  18.268  -75.796  -10.295 0.0000000000
28502  19.059  -75.564  -10.291 0.0000000000
127942  18.267  -76.092  -10.686 0.0000000000
90662  17.376  -76.358  -10.608 0.0000000000
127944  19.183  -75.996  -10.588 0.0000000000
29548  15.318  -83.983  2.981 0.0000000000
64962  14.613  -83.361  2.107 0.0000000000
130670  14.682  -83.868  2.170 0.0000000000
130668  14.656  -84.349  2.240 0.0000000000
130679  12.438  -82.072  1.130 0.0000000000
130680  12.660  -82.634  0.894 0.0000000000
38605  16.393  -82.550  6.610 0.0000000000
156772  16.367  -83.028  6.664 0.0000000000
156770  16.375  -83.408  5.743 0.0000000000
86270  16.384  -82.059  6.540 0.0000000000
38606  16.383  -81.563  6.458 0.0000000000
156784  16.362  -81.087  6.452 0.0000000000
38609  16.263  -80.622  6.481 0.0000000000
86278  16.314  -80.838  7.424 0.0000000000
156783  16.347  -81.285  7.467 0.0000000000
86280  16.143  -80.161  6.471 0.0000000000
38610  15.977  -79.717  6.450 0.0000000000
156790  15.838  -79.288  6.403 0.0000000000
38611  15.741  -78.849  6.324 0.0000000000
86283  16.023  -79.051  7.172 0.0000000000
156789  16.023  -79.496  7.350 0.0000000000
86285  15.602  -78.403  6.196 0.0000000000
38612  15.469  -77.994  6.186 0.0000000000
157036  15.303  -77.485  6.076 0.0000000000
38693  15.062  -76.967  5.969 0.0000000000
86488  15.656  -77.331  6.704 0.0000000000
157035  15.766  -77.788  6.873 0.0000000000
86490  14.842  -76.539  5.899 0.0000000000
38694  14.648  -76.048  5.850 0.0000000000
90663  16.563  -76.666  -10.336 0.0000000000
40363  15.627  -77.164  -10.400 0.0000000000
38692  15.941  -77.590  7.567 0.0000000000
157034  15.942  -78.006  7.754 0.0000000000
86286  15.812  -78.258  6.997 0.0000000000
21080  16.004  -79.226  8.140 0.0000000000
111672  16.008  -79.648  8.263 0.0000000000
86281  16.144  -79.946  7.332 0.0000000000
38608  16.118  -80.926  8.256 0.0000000000
156782  16.065  -81.336  8.358 0.0000000000
86271  16.284  -81.720  7.504 0.0000000000
156781  15.746  -80.983  9.189 0.0000000000
156779  15.663  -81.403  9.228 0.0000000000
9456  16.001  -81.805  8.361 0.0000000000
86276  15.770  -80.570  9.156 0.0000000000
156780  15.376  -80.642  10.077 0.0000000000
38607  15.295  -81.014  10.053 0.0000000000
21078  15.410  -80.204  10.047 0.0000000000
111668  15.002  -80.243  10.802 0.0000000000
86274  14.882  -80.634  10.804 0.0000000000
156778  15.141  -81.453  10.051 0.0000000000
111666  15.541  -81.870  9.212 0.0000000000
86273  14.723  -81.027  10.799 0.0000000000
156777  14.514  -81.416  10.783 0.0000000000
21076  14.944  -81.860  10.005 0.0000000000
27621  14.013  -80.930  11.481 0.0000000000
125889  13.762  -81.286  11.385 0.0000000000
51796  14.297  -81.764  10.698 0.0000000000
86268  16.216  -82.648  7.548 0.0000000000
156771  16.038  -83.102  7.616 0.0000000000
38604  16.191  -83.517  6.751 0.0000000000
21075  15.756  -82.713  8.425 0.0000000000
111663  15.513  -83.120  8.481 0.0000000000
86266  15.786  -83.553  7.679 0.0000000000
156769  16.238  -83.903  5.834 0.0000000000
64958  16.189  -83.720  4.742 0.0000000000
86265  15.945  -83.976  6.834 0.0000000000
156768  16.064  -84.353  5.939 0.0000000000
29546  16.099  -84.174  4.883 0.0000000000
38603  15.728  -84.382  6.893 0.0000000000
156767  15.857  -84.741  6.028 0.0000000000
130664  15.951  -84.607  5.046 0.0000000000
156766  15.492  -84.768  6.989 0.0000000000
156740  15.654  -85.190  6.110 0.0000000000
338  15.759  -85.053  5.163 0.0000000000
86263  15.239  -84.336  7.758 0.0000000000
156765  14.930  -84.686  7.847 0.0000000000
38594  15.194  -85.143  7.129 0.0000000000
38602  14.576  -84.220  8.526 0.0000000000
156764  14.200  -84.584  8.559 0.0000000000
86241  14.534  -85.067  7.948 0.0000000000
156763  13.787  -84.110  9.119 0.0000000000
156761  13.356  -84.431  9.138 0.0000000000
9452  13.771  -84.957  8.639 0.0000000000
86261  14.146  -83.753  9.145 0.0000000000
156762  13.362  -83.625  9.611 0.0000000000
38601  12.960  -83.968  9.528 0.0000000000
21073  13.757  -83.281  9.683 0.0000000000
111659  12.912  -83.108  10.103 0.0000000000
86259  12.495  -83.472  9.946 0.0000000000
156760  12.533  -84.295  9.436 0.0000000000
111648  12.931  -84.833  9.117 0.0000000000
86258  12.110  -83.792  9.751 0.0000000000
156759  11.596  -84.130  9.579 0.0000000000
21066  12.017  -84.678  9.349 0.0000000000
38600  11.138  -83.596  9.808 0.0000000000
156758  10.672  -83.941  9.542 0.0000000000
51786  11.124  -84.497  9.357 0.0000000000
156757  10.305  -83.457  9.845 0.0000000000
156749  9.932  -83.818  9.496 0.0000000000
2298  10.321  -84.322  9.270 0.0000000000
86256  10.664  -83.077  10.154 0.0000000000
156756  9.884  -82.880  10.177 0.0000000000
38597  9.567  -83.258  9.792 0.0000000000
38599  10.175  -82.505  10.593 0.0000000000
156755  9.438  -82.234  10.632 0.0000000000
86249  9.139  -82.612  10.111 0.0000000000
156754  9.634  -81.822  11.095 0.0000000000
156752  8.843  -81.520  10.978 0.0000000000
9453  8.594  -81.915  10.501 0.0000000000
86254  10.506  -82.154  11.031 0.0000000000
156753  9.936  -81.445  11.505 0.0000000000
38598  9.100  -81.096  11.423 0.0000000000
21071  10.849  -81.828  11.472 0.0000000000
111655  10.225  -81.099  11.905 0.0000000000
86252  9.401  -80.675  11.826 0.0000000000
156751  8.246  -80.794  11.285 0.0000000000
111653  7.977  -81.204  10.801 0.0000000000
86251  8.539  -80.311  11.697 0.0000000000
156750  7.607  -80.007  11.526 0.0000000000
21069  7.353  -80.470  11.070 0.0000000000
27617  7.805  -79.484  11.968 0.0000000000
125879  6.847  -79.226  11.691 0.0000000000
51789  6.690  -79.769  11.334 0.0000000000
156748  9.211  -83.618  9.301 0.0000000000
125877  9.536  -84.172  9.085 0.0000000000
86248  8.843  -83.005  9.618 0.0000000000
156747  8.507  -83.414  9.173 0.0000000000
27615  8.801  -83.987  8.926 0.0000000000
38596  8.101  -82.746  9.620 0.0000000000
156746  7.745  -83.191  9.175 0.0000000000
61386  8.065  -83.797  8.795 0.0000000000
156745  7.194  -82.526  9.595 0.0000000000
156743  6.937  -83.039  9.212 0.0000000000
5101  7.365  -83.650  8.755 0.0000000000
86246  7.470  -82.072  9.975 0.0000000000
156744  6.533  -81.861  9.952 0.0000000000
38595  6.334  -82.389  9.638 0.0000000000
21068  6.810  -81.404  10.274 0.0000000000
111650  5.910  -81.232  10.296 0.0000000000
86244  5.691  -81.769  10.003 0.0000000000
156742  6.090  -82.928  9.345 0.0000000000
96735  6.557  -83.525  8.869 0.0000000000
86243  5.483  -82.309  9.747 0.0000000000
156741  5.347  -82.891  9.628 0.0000000000
12781  5.799  -83.462  9.116 0.0000000000
31236  4.961  -82.360  10.274 0.0000000000
135252  4.938  -82.932  10.181 0.0000000000
43501  5.219  -83.460  9.543 0.0000000000
156739  15.319  -85.549  6.343 0.0000000000
42293  15.519  -85.495  5.289 0.0000000000
86240  14.838  -85.526  7.259 0.0000000000
135251  5.000  -83.031  10.818 0.0000000000
553  5.049  -83.563  10.104 0.0000000000
135253  4.847  -82.427  10.942 0.0000000000
31235  5.058  -82.499  11.658 0.0000000000
135250  5.302  -83.102  11.438 0.0000000000
43495  5.148  -83.631  10.707 0.0000000000
68578  5.553  -82.519  12.338 0.0000000000
135249  5.825  -83.087  12.142 0.0000000000
12775  5.519  -83.655  11.346 0.0000000000
31234  6.142  -82.466  13.049 0.0000000000
135248  6.414  -82.988  12.886 0.0000000000
96723  6.073  -83.640  12.007 0.0000000000
135247  6.684  -82.371  13.874 0.0000000000
135245  6.952  -82.937  13.711 0.0000000000
5095  6.625  -83.600  12.696 0.0000000000
68576  6.412  -81.842  13.999 0.0000000000
135246  6.891  -81.711  14.915 0.0000000000
31233  7.161  -82.301  14.764 0.0000000000
15178  6.684  -81.146  14.977 0.0000000000
101048  6.950  -81.008  15.832 0.0000000000
68574  7.169  -81.585  15.790 0.0000000000
135244  7.321  -82.900  14.609 0.0000000000
61365  7.114  -83.573  13.519 0.0000000000
68573  7.361  -82.187  15.739 0.0000000000
135243  7.469  -82.856  15.630 0.0000000000
27603  7.373  -83.580  14.451 0.0000000000
31232  7.247  -82.179  16.656 0.0000000000
135242  7.296  -82.889  16.579 0.0000000000
125847  7.413  -83.600  15.456 0.0000000000
13273  21.697  -73.419  -8.023 0.0000000000
97617  22.058  -72.985  -7.356 0.0000000000
62854  21.875  -72.866  -6.850 0.0000000000
125888  12.873  -81.104  11.978 0.0000000000
2299  13.443  -81.594  11.279 0.0000000000
125890  13.192  -80.761  12.087 0.0000000000
27620  12.215  -80.515  12.700 0.0000000000
125887  11.822  -80.846  12.459 0.0000000000
51790  12.469  -81.378  11.798 0.0000000000
61393  11.158  -80.173  12.940 0.0000000000
125886  10.815  -80.501  12.571 0.0000000000
21070  11.425  -81.176  12.173 0.0000000000
27619  10.168  -79.781  12.953 0.0000000000
125885  9.883  -80.040  12.591 0.0000000000
111654  10.506  -80.783  12.268 0.0000000000
125884  9.247  -79.276  12.873 0.0000000000
125882  8.976  -79.519  12.532 0.0000000000
5103  9.606  -80.297  12.259 0.0000000000
27618  8.311  -78.810  12.633 0.0000000000
125881  8.041  -79.087  12.315 0.0000000000
86250  8.763  -79.876  12.117 0.0000000000
61388  7.365  -78.387  12.348 0.0000000000
125880  7.064  -78.753  12.026 0.0000000000
125876  9.111  -84.543  8.774 0.0000000000
51782  9.875  -84.714  8.904 0.0000000000
61385  8.375  -84.410  8.578 0.0000000000
125875  8.687  -85.075  8.385 0.0000000000
21062  9.438  -85.160  8.552 0.0000000000
27614  7.973  -84.902  8.238 0.0000000000
125874  8.315  -85.570  8.025 0.0000000000
111640  9.051  -85.670  8.214 0.0000000000
125873  7.580  -85.429  7.928 0.0000000000
125871  7.995  -86.095  7.716 0.0000000000
5100  8.699  -86.158  7.849 0.0000000000
61383  7.263  -84.764  8.175 0.0000000000
125872  6.879  -85.308  7.929 0.0000000000
27613  7.266  -86.016  7.684 0.0000000000
12780  6.529  -84.639  8.219 0.0000000000
96732  6.186  -85.194  8.048 0.0000000000
61381  6.560  -85.876  7.724 0.0000000000
125849  7.318  -84.368  14.296 0.0000000000
1218  7.182  -83.614  16.475 0.0000000000
125848  7.244  -84.342  15.361 0.0000000000
111671  15.860  -79.765  9.168 0.0000000000
9457  16.024  -80.063  8.317 0.0000000000
111673  15.895  -79.373  9.050 0.0000000000
21079  15.701  -79.476  9.858 0.0000000000
111670  15.543  -79.822  9.954 0.0000000000
86275  15.767  -80.137  9.165 0.0000000000
51798  15.270  -79.460  10.689 0.0000000000
111669  15.132  -79.840  10.749 0.0000000000
111665  15.372  -82.301  9.188 0.0000000000
86267  15.913  -82.274  8.370 0.0000000000
51795  14.710  -82.233  9.914 0.0000000000
111664  15.124  -82.689  9.168 0.0000000000
21074  14.427  -82.582  9.824 0.0000000000
111662  14.884  -83.078  9.132 0.0000000000
9455  15.296  -83.530  8.473 0.0000000000
111661  14.171  -82.986  9.723 0.0000000000
86260  14.578  -83.447  9.109 0.0000000000
51793  13.639  -82.437  10.424 0.0000000000
111660  13.305  -82.797  10.263 0.0000000000
21072  12.741  -82.309  10.921 0.0000000000
111658  12.286  -82.585  10.705 0.0000000000
9454  11.894  -82.902  10.414 0.0000000000
111657  11.740  -82.079  11.296 0.0000000000
86253  11.369  -82.387  10.941 0.0000000000
51791  12.110  -81.739  11.577 0.0000000000
111656  11.126  -81.499  11.917 0.0000000000
111652  7.070  -80.920  10.643 0.0000000000
86245  7.734  -81.627  10.378 0.0000000000
51788  6.401  -80.242  10.933 0.0000000000
111651  6.142  -80.716  10.608 0.0000000000
21067  5.561  -80.120  11.026 0.0000000000
111649  5.401  -80.654  10.807 0.0000000000
6804  5.255  -81.218  10.581 0.0000000000
135258  4.891  -80.682  11.284 0.0000000000
135259  4.942  -80.104  11.385 0.0000000000
111647  12.462  -85.223  9.065 0.0000000000
86237  13.433  -85.390  8.623 0.0000000000
51785  11.548  -85.048  9.142 0.0000000000
111646  11.962  -85.587  8.939 0.0000000000
21065  12.885  -85.730  8.606 0.0000000000
21064  11.083  -85.406  8.910 0.0000000000
111642  9.803  -85.732  8.425 0.0000000000
101047  6.843  -80.332  16.756 0.0000000000
6802  7.009  -80.919  16.714 0.0000000000
101049  6.747  -80.431  15.878 0.0000000000
96734  6.192  -84.028  8.639 0.0000000000
61382  6.956  -84.124  8.428 0.0000000000
43500  5.535  -83.988  8.999 0.0000000000
96733  5.863  -84.570  8.468 0.0000000000
12779  5.298  -84.580  8.918 0.0000000000
96731  5.536  -85.162  8.328 0.0000000000
5099  5.897  -85.831  7.908 0.0000000000
96730  5.078  -85.233  8.878 0.0000000000
61375  5.265  -85.877  8.259 0.0000000000
43498  5.015  -84.644  9.472 0.0000000000
96729  4.932  -85.284  9.490 0.0000000000
12778  4.936  -85.906  8.883 0.0000000000
12777  5.036  -84.712  10.089 0.0000000000
96727  5.060  -85.339  10.115 0.0000000000
96728  4.913  -85.946  9.537 0.0000000000
125862  4.908  -86.584  8.926 0.0000000000
5097  5.060  -85.982  10.158 0.0000000000
61374  4.918  -86.593  9.605 0.0000000000
96726  5.367  -84.796  10.634 0.0000000000
61368  5.384  -85.418  10.660 0.0000000000
43496  5.250  -84.193  10.651 0.0000000000
96725  5.703  -84.229  11.259 0.0000000000
12776  5.806  -84.848  11.190 0.0000000000
96724  6.243  -84.239  11.845 0.0000000000
125852  6.257  -84.963  11.780 0.0000000000
61367  6.732  -84.339  12.515 0.0000000000
90664  16.416  -76.879  -10.804 0.0000000000
86489  15.454  -76.877  6.623 0.0000000000
86491  15.271  -76.452  6.497 0.0000000000
9485  15.756  -76.731  7.317 0.0000000000
86487  15.855  -77.155  7.437 0.0000000000
9458  15.989  -78.438  7.889 0.0000000000
86284  15.923  -78.651  7.066 0.0000000000
86282  16.070  -78.804  7.951 0.0000000000
111674  15.954  -78.957  8.896 0.0000000000
111675  15.996  -78.569  8.776 0.0000000000
86279  16.206  -80.379  7.386 0.0000000000
86277  16.044  -80.480  8.274 0.0000000000
5105  14.408  -80.169  11.589 0.0000000000
86272  14.243  -80.570  11.568 0.0000000000
125891  13.456  -80.414  12.241 0.0000000000
125892  13.699  -80.053  12.343 0.0000000000
86269  16.247  -82.184  7.517 0.0000000000
86264  15.520  -83.969  7.717 0.0000000000
86262  14.928  -83.864  8.520 0.0000000000
86257  11.538  -83.246  10.098 0.0000000000
86255  11.013  -82.712  10.534 0.0000000000
86247  8.349  -82.304  10.052 0.0000000000
86242  5.085  -81.791  10.400 0.0000000000
135254  4.774  -81.871  11.009 0.0000000000
135255  4.832  -81.268  11.174 0.0000000000
86239  14.186  -85.475  8.016 0.0000000000
38593  14.539  -85.954  7.328 0.0000000000
86238  13.797  -85.875  8.051 0.0000000000
68577  5.846  -81.944  13.227 0.0000000000
68579  5.291  -81.945  12.554 0.0000000000
6803  5.569  -81.352  13.434 0.0000000000
68575  6.147  -81.311  14.129 0.0000000000
101050  6.437  -80.584  15.022 0.0000000000
101051  5.864  -80.675  14.336 0.0000000000
68572  7.126  -81.514  16.712 0.0000000000
64959  15.814  -84.082  3.904 0.0000000000
130667  15.364  -84.458  3.152 0.0000000000
130666  15.774  -84.531  4.073 0.0000000000
62859  19.798  -74.683  -9.463 0.0000000000
62861  19.847  -74.959  -9.845 0.0000000000
5594  20.519  -74.413  -9.377 0.0000000000
62857  20.438  -74.170  -8.812 0.0000000000
62855  21.104  -73.918  -8.757 0.0000000000
97619  21.898  -73.733  -8.537 0.0000000000
97620  21.301  -74.232  -9.197 0.0000000000
61384  7.673  -84.257  8.465 0.0000000000
61379  6.321  -86.514  7.552 0.0000000000
61377  5.662  -86.514  7.837 0.0000000000
61376  5.172  -86.530  8.334 0.0000000000
27610  5.525  -87.159  7.878 0.0000000000
125863  5.143  -87.190  8.380 0.0000000000
61372  5.105  -86.648  10.241 0.0000000000
61373  4.974  -87.243  9.678 0.0000000000
27609  4.893  -87.196  9.023 0.0000000000
125860  5.004  -87.892  9.078 0.0000000000
27607  5.176  -87.307  10.371 0.0000000000
125859  5.075  -87.882  9.781 0.0000000000
61370  5.393  -86.053  10.757 0.0000000000
61371  5.403  -86.737  10.905 0.0000000000
125856  5.390  -87.411  11.085 0.0000000000
27606  5.802  -86.260  11.323 0.0000000000
125855  5.704  -86.889  11.542 0.0000000000
61369  5.801  -85.527  11.182 0.0000000000
125853  6.234  -85.709  11.851 0.0000000000
61366  7.129  -84.367  13.366 0.0000000000
27605  6.720  -85.141  12.447 0.0000000000
125850  7.076  -85.090  13.317 0.0000000000
51794  13.952  -82.052  10.581 0.0000000000
51792  13.076  -81.896  11.131 0.0000000000
51787  5.772  -79.591  11.277 0.0000000000
51784  10.709  -84.874  9.078 0.0000000000
51783  10.229  -85.242  8.746 0.0000000000
43499  5.118  -84.039  9.492 0.0000000000
43497  5.018  -84.127  10.080 0.0000000000
68580  4.882  -81.943  11.770 0.0000000000
127943  19.979  -75.379  -10.159 0.0000000000
125864  5.474  -87.844  7.891 0.0000000000
125861  5.145  -87.858  8.436 0.0000000000
125857  5.209  -87.961  10.538 0.0000000000
125854  6.157  -86.376  12.045 0.0000000000
125851  6.628  -85.802  12.607 0.0000000000
51799  15.415  -79.091  10.662 0.0000000000
51800  15.772  -79.109  9.813 0.0000000000
135260  4.997  -79.525  11.487 0.0000000000
97618  22.389  -73.246  -7.793 0.0000000000
68581  5.074  -81.401  12.692 0.0000000000
101052  5.303  -80.778  13.598 0.0000000000
97621  20.653  -74.796  -9.700 0.0000000000
51765  6.760  -83.589  17.402 0.0000000000
51767  6.902  -84.313  16.453 0.0000000000
135233  6.924  -82.911  17.443 0.0000000000
21045  6.332  -83.548  18.259 0.0000000000
51766  6.470  -84.244  17.377 0.0000000000
135232  6.506  -82.916  18.241 0.0000000000
111612  6.022  -84.913  17.254 0.0000000000
21047  6.504  -84.953  16.361 0.0000000000
111611  5.972  -84.231  18.148 0.0000000000
156669  6.946  -85.021  15.369 0.0000000000
31237  4.733  -81.358  11.938 0.0000000000
135256  4.874  -80.800  12.904 0.0000000000
13274  21.976  -74.150  -8.876 0.0000000000
43993  22.457  -73.649  -8.180 0.0000000000
97622  21.359  -74.702  -9.440 0.0000000000
13275  20.696  -75.246  -9.940 0.0000000000
43995  21.833  -74.709  -9.022 0.0000000000
97623  21.272  -75.145  -9.576 0.0000000000
15177  6.731  -79.738  16.787 0.0000000000
45898  6.565  -79.866  15.903 0.0000000000
15179  6.149  -80.000  15.093 0.0000000000
101053  5.563  -80.122  14.384 0.0000000000
15180  5.035  -80.214  13.721 0.0000000000
45900  5.832  -79.402  15.182 0.0000000000
101054  5.226  -79.520  14.483 0.0000000000
111609  5.884  -83.562  18.983 0.0000000000
111610  5.566  -84.253  18.847 0.0000000000
21046  5.587  -84.857  18.037 0.0000000000
111613  6.092  -85.530  16.317 0.0000000000
86178  5.611  -85.427  17.198 0.0000000000
9444  5.717  -86.051  16.328 0.0000000000
156670  6.510  -85.624  15.412 0.0000000000
156671  6.130  -86.134  15.494 0.0000000000
21081  15.768  -78.667  9.705 0.0000000000
27604  7.163  -85.063  14.298 0.0000000000
86183  6.946  -85.753  13.379 0.0000000000
5096  6.453  -86.390  12.813 0.0000000000
111614  5.996  -86.941  12.286 0.0000000000
21048  5.636  -87.468  11.798 0.0000000000
51768  5.409  -87.987  11.277 0.0000000000
2296  5.262  -88.571  10.731 0.0000000000
125858  5.062  -88.590  9.989 0.0000000000
156696  5.162  -89.278  9.430 0.0000000000
27608  5.093  -88.582  9.208 0.0000000000
51774  5.159  -89.262  10.216 0.0000000000
86205  5.189  -88.528  8.544 0.0000000000
5098  5.448  -88.510  7.992 0.0000000000
135257  4.654  -80.736  12.170 0.0000000000
68583  4.704  -80.216  12.971 0.0000000000
31238  4.649  -80.164  12.138 0.0000000000
68585  4.591  -79.567  12.146 0.0000000000
86184  6.844  -85.685  14.446 0.0000000000
38571  6.475  -86.229  14.625 0.0000000000
156673  6.134  -86.720  14.759 0.0000000000
156674  5.807  -86.659  15.549 0.0000000000
38572  5.855  -87.218  14.839 0.0000000000
86187  5.983  -87.300  14.188 0.0000000000
156672  6.338  -86.820  13.971 0.0000000000
156675  5.571  -87.198  15.585 0.0000000000
86182  5.414  -86.595  16.283 0.0000000000
38570  5.297  -87.196  16.277 0.0000000000
86189  5.702  -87.737  14.926 0.0000000000
156676  5.464  -87.746  15.613 0.0000000000
38573  5.816  -88.238  14.999 0.0000000000
156677  5.715  -88.248  15.636 0.0000000000
156668  5.410  -87.745  16.299 0.0000000000
156678  6.107  -88.686  15.040 0.0000000000
2295  5.730  -88.169  16.326 0.0000000000
51764  6.125  -88.585  15.664 0.0000000000
21044  6.465  -89.019  15.073 0.0000000000
86191  6.074  -88.765  14.452 0.0000000000
156679  6.361  -89.162  14.493 0.0000000000
38574  6.180  -89.313  13.951 0.0000000000
156680  6.389  -89.777  13.993 0.0000000000
111608  6.696  -89.511  14.495 0.0000000000
9443  6.699  -90.218  14.112 0.0000000000
156682  6.044  -90.052  13.530 0.0000000000
156683  6.284  -90.557  13.803 0.0000000000
38575  5.854  -90.834  13.354 0.0000000000
86194  5.721  -90.253  12.931 0.0000000000
156681  5.899  -89.492  13.266 0.0000000000
156684  6.105  -91.350  13.819 0.0000000000
86174  6.612  -90.964  14.034 0.0000000000
86196  5.654  -91.532  13.267 0.0000000000
21051  5.709  -89.697  12.629 0.0000000000
111619  5.827  -89.006  13.132 0.0000000000
86192  5.942  -88.859  13.846 0.0000000000
21049  6.021  -87.401  13.479 0.0000000000
111615  6.246  -86.916  13.139 0.0000000000
86185  6.687  -86.374  13.613 0.0000000000
156667  5.170  -87.223  17.050 0.0000000000
125846  5.449  -87.712  17.057 0.0000000000
86181  5.130  -86.564  17.033 0.0000000000
156666  5.095  -86.597  17.964 0.0000000000
27602  5.288  -87.150  17.894 0.0000000000
38569  5.074  -85.994  17.970 0.0000000000
156665  5.086  -85.958  18.814 0.0000000000
61364  5.162  -86.488  18.806 0.0000000000
156664  5.145  -85.413  18.814 0.0000000000
156662  5.191  -85.339  19.580 0.0000000000
5094  5.273  -85.829  19.508 0.0000000000
125845  5.672  -87.571  17.767 0.0000000000
51760  5.954  -87.992  16.998 0.0000000000
61363  5.557  -86.948  18.593 0.0000000000
125844  6.029  -87.205  18.389 0.0000000000
21040  6.261  -87.715  17.642 0.0000000000
27601  5.956  -86.580  19.056 0.0000000000
125843  6.429  -86.762  18.809 0.0000000000
111600  6.553  -87.333  18.134 0.0000000000
125842  6.407  -86.148  19.416 0.0000000000
125840  6.885  -86.326  19.160 0.0000000000
5093  6.932  -86.890  18.494 0.0000000000
61361  5.977  -85.907  19.674 0.0000000000
125841  6.404  -85.553  19.981 0.0000000000
27600  6.917  -85.758  19.744 0.0000000000
125839  7.343  -85.896  19.559 0.0000000000
86160  7.321  -86.439  18.891 0.0000000000
111618  5.791  -88.517  13.051 0.0000000000
9445  5.789  -88.388  13.737 0.0000000000
111620  5.761  -89.126  12.427 0.0000000000
21050  5.705  -88.603  12.298 0.0000000000
111617  5.801  -88.003  12.929 0.0000000000
86186  5.777  -87.904  13.662 0.0000000000
51769  5.646  -88.035  12.073 0.0000000000
111616  5.869  -87.473  12.684 0.0000000000
111607  6.888  -89.219  14.954 0.0000000000
86170  7.074  -89.800  14.435 0.0000000000
51763  6.597  -88.782  15.585 0.0000000000
111606  7.096  -88.864  15.411 0.0000000000
21043  7.363  -89.359  14.753 0.0000000000
21042  6.761  -88.489  16.126 0.0000000000
111604  7.355  -88.435  15.882 0.0000000000
111605  7.641  -88.848  15.148 0.0000000000
156654  7.852  -89.423  14.506 0.0000000000
9442  7.959  -88.372  15.561 0.0000000000
86169  8.179  -88.869  14.835 0.0000000000
111603  7.132  -88.121  16.657 0.0000000000
86163  7.722  -88.029  16.337 0.0000000000
51761  6.541  -88.112  16.878 0.0000000000
111602  6.852  -87.750  17.390 0.0000000000
21041  7.432  -87.721  17.095 0.0000000000
111601  7.147  -87.386  17.803 0.0000000000
156645  7.713  -87.323  17.554 0.0000000000
86162  7.457  -86.943  18.236 0.0000000000
86195  5.473  -91.023  12.772 0.0000000000
86193  5.459  -90.469  12.264 0.0000000000
111621  5.611  -89.817  11.916 0.0000000000
86190  5.788  -88.293  14.376 0.0000000000
86188  5.780  -87.799  14.305 0.0000000000
86180  5.286  -85.962  17.093 0.0000000000
86179  5.269  -85.418  17.985 0.0000000000
156663  5.313  -84.847  18.822 0.0000000000
86172  7.081  -90.515  14.230 0.0000000000
86171  7.520  -90.015  14.358 0.0000000000
38566  7.458  -90.734  14.252 0.0000000000
156655  7.910  -90.122  14.227 0.0000000000
86167  8.540  -88.379  15.193 0.0000000000
86168  8.718  -88.926  14.514 0.0000000000
38565  8.350  -89.448  14.260 0.0000000000
156652  8.800  -89.638  14.111 0.0000000000
38564  9.124  -88.397  14.886 0.0000000000
156651  9.268  -89.001  14.214 0.0000000000
86165  8.319  -87.957  15.986 0.0000000000
86166  8.909  -87.927  15.676 0.0000000000
156649  9.506  -87.926  15.416 0.0000000000
38563  8.619  -87.604  16.524 0.0000000000
156648  9.221  -87.539  16.283 0.0000000000
86164  8.005  -87.653  16.802 0.0000000000
156646  8.308  -87.285  17.321 0.0000000000
86161  7.833  -86.544  18.771 0.0000000000
38562  8.033  -86.929  18.068 0.0000000000
156643  8.363  -86.674  18.669 0.0000000000
27599  7.773  -86.070  19.440 0.0000000000
156642  8.237  -86.297  19.399 0.0000000000
68582  4.759  -79.634  13.771 0.0000000000
68584  4.542  -79.622  12.965 0.0000000000
61362  5.535  -86.256  19.320 0.0000000000
61360  5.639  -85.617  19.923 0.0000000000
12773  6.117  -85.308  20.217 0.0000000000
96721  5.931  -84.952  20.493 0.0000000000
96722  5.507  -85.201  20.125 0.0000000000
51772  5.394  -89.215  10.971 0.0000000000
51770  5.513  -88.601  11.505 0.0000000000
51771  5.599  -89.213  11.709 0.0000000000
21052  5.405  -89.902  11.171 0.0000000000
51762  6.252  -88.423  16.269 0.0000000000
45897  6.587  -79.104  16.786 0.0000000000
45899  6.299  -79.239  15.932 0.0000000000
13276  21.689  -75.221  -9.002 0.0000000000
43994  22.390  -74.136  -8.374 0.0000000000
43996  22.187  -74.756  -8.403 0.0000000000
156656  7.825  -90.905  14.188 0.0000000000
156653  8.340  -90.263  14.121 0.0000000000
156650  9.698  -88.492  14.655 0.0000000000
156647  8.911  -87.264  17.099 0.0000000000
156644  8.603  -86.975  17.884 0.0000000000
125837  8.256  -85.867  20.113 0.0000000000
125838  7.833  -85.617  20.111 0.0000000000
135231  5.999  -82.907  19.007 0.0000000000
125836  8.279  -85.526  20.996 0.0000000000
1665  8.615  -85.892  21.058 0.0000000000
51759  8.670  -86.182  20.169 0.0000000000
21039  8.755  -86.526  19.398 0.0000000000
111599  8.927  -86.815  18.591 0.0000000000
9441  9.232  -87.033  17.756 0.0000000000
86159  9.551  -87.235  16.932 0.0000000000
38561  9.821  -87.501  16.087 0.0000000000
156641  10.071  -87.967  15.240 0.0000000000
1216  10.276  -88.647  14.456 0.0000000000
45891  9.803  -89.233  14.020 0.0000000000
15171  9.284  -89.880  13.995 0.0000000000
101037  8.776  -90.473  14.049 0.0000000000
6798  8.262  -91.067  14.137 0.0000000000
156640  10.415  -87.536  15.944 0.0000000000
117624  10.672  -88.099  15.067 0.0000000000
86158  10.157  -87.241  16.817 0.0000000000
156639  10.761  -87.334  16.780 0.0000000000
24078  11.030  -87.672  15.844 0.0000000000
38560  10.489  -87.220  17.622 0.0000000000
156638  11.027  -87.428  17.619 0.0000000000
55491  11.326  -87.551  16.755 0.0000000000
156637  10.723  -87.440  18.493 0.0000000000
156635  11.203  -87.762  18.485 0.0000000000
3136  11.522  -87.743  17.641 0.0000000000
86156  10.181  -87.184  18.493 0.0000000000
156636  10.395  -87.503  19.406 0.0000000000
38559  10.872  -87.840  19.361 0.0000000000
21038  9.853  -87.132  19.362 0.0000000000
111596  9.993  -87.385  20.265 0.0000000000
86154  10.417  -87.832  20.246 0.0000000000
156634  11.255  -88.247  19.344 0.0000000000
93198  11.623  -88.187  18.515 0.0000000000
86153  10.801  -88.276  20.187 0.0000000000
156633  11.173  -88.681  20.144 0.0000000000
10816  11.577  -88.674  19.345 0.0000000000
33585  10.734  -88.655  21.029 0.0000000000
141885  11.114  -89.075  21.040 0.0000000000
41536  11.514  -89.111  20.163 0.0000000000
141884  11.130  -89.390  21.953 0.0000000000
130  11.496  -89.522  21.053 0.0000000000
141886  10.708  -89.003  21.900 0.0000000000
33584  10.741  -89.279  22.824 0.0000000000
142378  11.300  -89.599  22.735 0.0000000000
41575  11.614  -89.753  21.818 0.0000000000
117623  11.239  -88.231  14.969 0.0000000000
45887  10.881  -88.837  14.263 0.0000000000
55490  11.569  -87.929  15.798 0.0000000000
117622  11.806  -88.434  14.879 0.0000000000
15167  11.409  -89.005  14.255 0.0000000000
24077  12.092  -88.239  15.821 0.0000000000
117621  12.352  -88.746  14.922 0.0000000000
101029  11.937  -89.271  14.302 0.0000000000
117620  12.600  -88.597  15.921 0.0000000000
117618  12.833  -89.142  15.104 0.0000000000
3135  12.460  -89.565  14.386 0.0000000000
55488  12.259  -88.300  16.830 0.0000000000
117619  12.608  -88.743  16.896 0.0000000000
24076  12.968  -88.970  16.037 0.0000000000
10815  12.249  -88.589  17.806 0.0000000000
93195  12.536  -89.076  17.750 0.0000000000
55486  12.884  -89.219  16.919 0.0000000000
117617  13.217  -89.549  15.310 0.0000000000
68542  12.966  -89.872  14.517 0.0000000000
55485  13.209  -89.504  16.186 0.0000000000
117616  13.485  -89.988  15.529 0.0000000000
24075  13.376  -90.180  14.734 0.0000000000
24074  13.377  -90.062  16.370 0.0000000000
117614  13.654  -90.458  15.802 0.0000000000
117615  13.713  -90.525  14.986 0.0000000000
135205  13.393  -90.963  14.267 0.0000000000
1214  13.919  -90.961  15.275 0.0000000000
45886  13.783  -91.297  14.494 0.0000000000
117802  13.590  -90.695  16.403 0.0000000000
46015  13.881  -91.057  15.898 0.0000000000
111598  9.300  -86.809  19.364 0.0000000000
86155  9.543  -87.000  18.496 0.0000000000
51758  9.091  -86.537  20.215 0.0000000000
111597  9.542  -86.943  20.233 0.0000000000
21037  9.309  -86.701  21.100 0.0000000000
111595  9.650  -87.201  21.120 0.0000000000
7725  10.007  -87.729  21.112 0.0000000000
141891  9.668  -87.581  21.894 0.0000000000
141892  9.376  -87.044  21.923 0.0000000000
101036  9.206  -90.722  14.003 0.0000000000
68552  8.661  -91.291  14.181 0.0000000000
45890  9.768  -90.114  13.884 0.0000000000
101035  9.643  -90.951  13.900 0.0000000000
15170  9.057  -91.528  14.176 0.0000000000
15169  10.270  -90.361  13.776 0.0000000000
101033  10.120  -91.200  13.812 0.0000000000
101034  9.498  -91.781  14.097 0.0000000000
6797  9.996  -92.036  13.970 0.0000000000
101032  10.834  -90.593  13.738 0.0000000000
68545  10.638  -91.449  13.778 0.0000000000
45888  10.887  -89.717  13.906 0.0000000000
101031  11.426  -89.901  13.895 0.0000000000
15168  11.321  -90.845  13.683 0.0000000000
101030  11.942  -90.169  13.921 0.0000000000
135208  11.796  -91.086  13.686 0.0000000000
68544  12.464  -90.430  13.951 0.0000000000
93197  11.895  -88.634  18.562 0.0000000000
55487  11.939  -88.115  17.735 0.0000000000
41535  11.842  -89.103  19.371 0.0000000000
93196  12.155  -89.070  18.574 0.0000000000
10814  12.127  -89.563  19.399 0.0000000000
93194  12.447  -89.510  18.586 0.0000000000
3134  12.744  -89.606  17.785 0.0000000000
93274  12.455  -90.048  19.158 0.0000000000
55615  12.714  -90.070  18.341 0.0000000000
86157  9.864  -87.114  17.668 0.0000000000
86152  10.362  -88.214  21.061 0.0000000000
141887  10.305  -88.597  21.858 0.0000000000
141888  9.966  -88.116  21.870 0.0000000000
68547  10.504  -92.274  13.897 0.0000000000
68546  11.105  -91.693  13.741 0.0000000000
68543  12.961  -90.687  14.042 0.0000000000
31219  12.334  -91.296  13.741 0.0000000000
135206  12.845  -91.510  13.827 0.0000000000
55617  12.988  -90.197  17.625 0.0000000000
10858  12.746  -90.503  18.954 0.0000000000
55616  12.944  -90.586  18.166 0.0000000000
55489  11.815  -87.876  16.727 0.0000000000
55484  13.046  -89.772  17.043 0.0000000000
55618  13.270  -90.396  16.972 0.0000000000
51757  8.965  -86.257  21.086 0.0000000000
46017  14.176  -91.423  15.373 0.0000000000
15295  13.819  -91.285  16.480 0.0000000000
46016  14.153  -91.565  15.909 0.0000000000
45889  10.334  -89.502  13.946 0.0000000000
45884  14.093  -91.527  14.732 0.0000000000
45885  13.846  -91.985  14.024 0.0000000000
15166  13.349  -91.756  13.919 0.0000000000
101027  13.237  -92.505  13.582 0.0000000000
46018  14.429  -91.900  14.703 0.0000000000
41577  11.900  -89.955  20.872 0.0000000000
10855  11.805  -89.786  22.587 0.0000000000
41576  12.055  -90.052  21.636 0.0000000000
41534  11.822  -89.559  20.228 0.0000000000
41578  12.192  -90.015  20.008 0.0000000000
135207  12.214  -92.117  13.638 0.0000000000
135209  11.662  -91.929  13.680 0.0000000000
101259  13.818  -91.508  16.942 0.0000000000
101261  14.135  -91.745  16.412 0.0000000000
117801  13.516  -90.980  16.967 0.0000000000
101028  12.741  -92.302  13.613 0.0000000000
93272  12.864  -90.727  19.619 0.0000000000
117798  13.051  -90.888  18.841 0.0000000000
93273  12.523  -90.447  19.795 0.0000000000
93267  12.045  -89.496  23.147 0.0000000000
93269  12.242  -89.896  22.309 0.0000000000
142377  11.580  -89.490  23.402 0.0000000000
93270  12.471  -90.262  21.434 0.0000000000
10857  12.302  -90.308  20.718 0.0000000000
101262  14.487  -91.972  15.804 0.0000000000
15297  14.524  -91.865  15.262 0.0000000000
101265  14.766  -92.219  14.598 0.0000000000
117799  13.267  -91.104  18.112 0.0000000000
24154  13.223  -90.764  17.534 0.0000000000
3175  12.287  -88.976  23.468 0.0000000000
93268  12.477  -89.413  22.730 0.0000000000
142376  11.855  -89.159  23.890 0.0000000000
117788  12.866  -89.294  22.243 0.0000000000
10856  12.674  -89.886  21.989 0.0000000000
55607  12.670  -88.820  22.931 0.0000000000
93271  12.693  -90.540  20.536 0.0000000000
55608  12.894  -90.278  21.158 0.0000000000
3177  13.080  -90.627  20.319 0.0000000000
55614  13.228  -90.944  19.551 0.0000000000
3178  13.891  -91.750  17.497 0.0000000000
101260  14.177  -91.967  16.862 0.0000000000
117800  13.537  -91.308  17.527 0.0000000000
135693  14.567  -92.335  16.754 0.0000000000
15296  14.505  -92.123  16.299 0.0000000000
68927  14.294  -92.122  17.403 0.0000000000
101263  14.834  -92.159  15.185 0.0000000000
68928  14.844  -92.277  15.708 0.0000000000
24149  13.035  -88.688  22.302 0.0000000000
55609  13.105  -89.751  21.590 0.0000000000
117789  13.253  -89.123  21.625 0.0000000000
24150  13.488  -89.583  21.039 0.0000000000
117790  13.677  -88.980  20.977 0.0000000000
117787  13.421  -88.523  21.612 0.0000000000
117791  13.985  -89.508  20.469 0.0000000000
3176  13.817  -88.361  20.885 0.0000000000
101246  14.101  -88.915  20.363 0.0000000000
15288  14.388  -89.530  19.916 0.0000000000
55611  13.723  -90.099  20.421 0.0000000000
117792  14.166  -90.110  19.952 0.0000000000
24151  13.928  -90.680  19.845 0.0000000000
117793  14.367  -90.717  19.443 0.0000000000
46008  14.622  -90.142  19.455 0.0000000000
117795  14.129  -91.268  19.279 0.0000000000
1257  14.859  -90.756  19.046 0.0000000000
117794  14.565  -91.322  19.009 0.0000000000
135690  14.777  -91.816  18.408 0.0000000000
24152  14.298  -91.699  18.632 0.0000000000
46014  15.060  -91.383  18.651 0.0000000000
55613  13.665  -91.140  19.457 0.0000000000
117796  13.860  -91.535  18.789 0.0000000000
24153  13.423  -91.254  18.832 0.0000000000
117797  13.627  -91.552  18.114 0.0000000000
68925  14.021  -91.896  18.100 0.0000000000
15294  15.289  -91.867  18.139 0.0000000000
68926  14.489  -92.147  17.977 0.0000000000
135691  14.997  -92.292  17.860 0.0000000000
31398  14.744  -92.346  17.279 0.0000000000
135692  15.221  -92.470  17.143 0.0000000000
101258  15.508  -92.248  17.598 0.0000000000
135694  15.017  -92.521  16.621 0.0000000000
68929  14.937  -92.424  16.187 0.0000000000
73935  10.277  -88.912  22.750 0.0000000000
33586  9.894  -88.487  22.711 0.0000000000
141890  9.581  -88.021  22.711 0.0000000000
33587  9.335  -87.468  22.727 0.0000000000
33754  11.366  -89.223  24.205 0.0000000000
74338  11.026  -89.348  23.584 0.0000000000
101257  15.873  -91.876  17.900 0.0000000000
68920  16.163  -92.298  17.486 0.0000000000
46013  15.607  -91.446  18.332 0.0000000000
101256  16.266  -91.466  18.105 0.0000000000
15293  16.558  -91.934  17.774 0.0000000000
101248  14.542  -88.962  19.777 0.0000000000
101247  14.227  -88.353  20.266 0.0000000000
68921  16.887  -92.467  17.498 0.0000000000
55612  13.486  -90.611  20.126 0.0000000000
55610  13.296  -90.165  20.814 0.0000000000
46012  15.393  -90.834  18.654 0.0000000000
46010  15.135  -90.194  19.004 0.0000000000
46009  14.858  -89.600  19.369 0.0000000000
101255  16.942  -91.536  17.985 0.0000000000
135684  17.269  -92.087  17.757 0.0000000000
15289  14.752  -88.491  19.645 0.0000000000
101249  15.071  -89.104  19.200 0.0000000000
